               -274.3700790720
         -0.002717683       0.000000000      -0.000000000
          0.000000000      -0.002717683      -0.000000000
         -0.000000000      -0.000000000      -0.002717683
           5
  1    56      -0.000000000      -0.000000000      -0.000000000  Ba
  2    22       0.000000000       0.000000000      -0.000000000  Ti
  3     8      -0.000000000      -0.000000000      -0.000000000  O
  3     8       0.000000000       0.000000000      -0.000000000  O
  3     8      -0.000000000       0.000000000       0.000000000  O
