   1    0.00000000    0.00000000    1.00000000    1.00000000    1.00000000
   2    0.00000142    0.00000061    1.00000000    1.00000000    1.00000000
   3    0.00000285    0.00000124    1.00000000    1.00000000    1.00000000
   4    0.00000431    0.00000187    1.00000000    1.00000000    1.00000000
   5    0.00000578    0.00000250    1.00000000    1.00000000    1.00000000
   6    0.00000727    0.00000315    1.00000000    1.00000000    1.00000000
   7    0.00000878    0.00000380    1.00000000    1.00000000    1.00000000
   8    0.00001030    0.00000447    1.00000000    1.00000000    1.00000000
   9    0.00001185    0.00000514    1.00000000    1.00000000    1.00000000
  10    0.00001342    0.00000581    1.00000000    1.00000000    1.00000000
  11    0.00001500    0.00000650    1.00000000    1.00000000    1.00000000
  12    0.00001661    0.00000720    1.00000000    1.00000000    1.00000000
  13    0.00001823    0.00000790    1.00000000    1.00000000    1.00000000
  14    0.00001988    0.00000862    1.00000000    1.00000000    1.00000000
  15    0.00002155    0.00000934    1.00000000    1.00000000    1.00000000
  16    0.00002324    0.00001007    1.00000000    1.00000000    1.00000000
  17    0.00002495    0.00001081    1.00000000    1.00000000    1.00000000
  18    0.00002668    0.00001156    1.00000000    1.00000000    1.00000000
  19    0.00002843    0.00001232    1.00000000    1.00000000    1.00000000
  20    0.00003020    0.00001309    1.00000000    1.00000000    1.00000000
  21    0.00003200    0.00001387    1.00000000    1.00000000    1.00000000
  22    0.00003382    0.00001466    1.00000000    1.00000000    1.00000000
  23    0.00003566    0.00001546    1.00000000    1.00000000    1.00000000
  24    0.00003753    0.00001627    1.00000000    1.00000000    1.00000000
  25    0.00003942    0.00001709    1.00000000    1.00000000    1.00000000
  26    0.00004133    0.00001791    1.00000000    1.00000000    1.00000000
  27    0.00004327    0.00001875    1.00000000    1.00000000    1.00000000
  28    0.00004523    0.00001960    1.00000000    1.00000000    1.00000000
  29    0.00004722    0.00002047    1.00000000    1.00000000    1.00000000
  30    0.00004923    0.00002134    1.00000000    1.00000000    1.00000000
  31    0.00005126    0.00002222    1.00000000    1.00000000    1.00000000
  32    0.00005333    0.00002311    1.00000000    1.00000000    1.00000000
  33    0.00005541    0.00002402    1.00000000    1.00000000    1.00000000
  34    0.00005753    0.00002493    1.00000000    1.00000000    1.00000000
  35    0.00005967    0.00002586    1.00000000    1.00000000    1.00000000
  36    0.00006184    0.00002680    1.00000000    1.00000000    1.00000000
  37    0.00006403    0.00002775    1.00000000    1.00000000    1.00000000
  38    0.00006625    0.00002872    1.00000000    1.00000000    1.00000000
  39    0.00006851    0.00002969    1.00000000    1.00000000    1.00000000
  40    0.00007078    0.00003068    1.00000000    1.00000000    1.00000000
  41    0.00007309    0.00003168    1.00000000    1.00000000    1.00000000
  42    0.00007543    0.00003269    1.00000000    1.00000000    1.00000000
  43    0.00007779    0.00003372    1.00000000    1.00000000    1.00000000
  44    0.00008019    0.00003476    1.00000000    1.00000000    1.00000000
  45    0.00008262    0.00003581    1.00000000    1.00000000    1.00000000
  46    0.00008507    0.00003687    1.00000000    1.00000000    1.00000000
  47    0.00008756    0.00003795    1.00000000    1.00000000    1.00000000
  48    0.00009008    0.00003904    1.00000000    1.00000000    1.00000000
  49    0.00009263    0.00004015    1.00000000    1.00000000    1.00000000
  50    0.00009521    0.00004127    1.00000000    1.00000000    1.00000000
  51    0.00009783    0.00004240    1.00000000    1.00000000    1.00000000
  52    0.00010047    0.00004355    1.00000000    1.00000000    1.00000000
  53    0.00010315    0.00004471    1.00000000    1.00000000    1.00000000
  54    0.00010587    0.00004589    1.00000000    1.00000000    1.00000000
  55    0.00010862    0.00004708    1.00000000    1.00000000    1.00000000
  56    0.00011140    0.00004829    1.00000000    1.00000000    1.00000000
  57    0.00011422    0.00004951    1.00000000    1.00000000    1.00000000
  58    0.00011707    0.00005074    1.00000000    1.00000000    1.00000000
  59    0.00011996    0.00005200    1.00000000    1.00000000    1.00000000
  60    0.00012289    0.00005327    1.00000000    1.00000000    1.00000000
  61    0.00012585    0.00005455    1.00000000    1.00000000    1.00000000
  62    0.00012885    0.00005585    1.00000000    1.00000000    1.00000000
  63    0.00013189    0.00005717    1.00000000    1.00000000    1.00000000
  64    0.00013497    0.00005850    1.00000000    1.00000000    1.00000000
  65    0.00013808    0.00005985    1.00000000    1.00000000    1.00000000
  66    0.00014124    0.00006122    1.00000000    1.00000000    1.00000000
  67    0.00014443    0.00006260    1.00000000    1.00000000    1.00000000
  68    0.00014766    0.00006400    1.00000000    1.00000000    1.00000000
  69    0.00015094    0.00006542    1.00000000    1.00000000    1.00000000
  70    0.00015425    0.00006686    1.00000000    1.00000000    1.00000000
  71    0.00015761    0.00006831    1.00000000    1.00000000    1.00000000
  72    0.00016101    0.00006979    1.00000000    1.00000000    1.00000000
  73    0.00016445    0.00007128    1.00000000    1.00000000    1.00000000
  74    0.00016794    0.00007279    1.00000000    1.00000000    1.00000000
  75    0.00017147    0.00007432    1.00000000    1.00000000    1.00000000
  76    0.00017504    0.00007587    1.00000000    1.00000000    1.00000000
  77    0.00017866    0.00007744    1.00000000    1.00000000    1.00000000
  78    0.00018233    0.00007903    1.00000000    1.00000000    1.00000000
  79    0.00018604    0.00008064    1.00000000    1.00000000    1.00000000
  80    0.00018980    0.00008226    1.00000000    1.00000000    1.00000000
  81    0.00019360    0.00008391    1.00000000    1.00000000    1.00000000
  82    0.00019745    0.00008558    1.00000000    1.00000000    1.00000000
  83    0.00020135    0.00008727    1.00000000    1.00000000    1.00000000
  84    0.00020530    0.00008899    1.00000000    1.00000000    1.00000000
  85    0.00020930    0.00009072    1.00000000    1.00000000    1.00000000
  86    0.00021335    0.00009247    1.00000000    1.00000000    1.00000000
  87    0.00021745    0.00009425    1.00000000    1.00000000    1.00000000
  88    0.00022161    0.00009605    1.00000000    1.00000000    1.00000000
  89    0.00022581    0.00009787    1.00000000    1.00000000    1.00000000
  90    0.00023007    0.00009972    1.00000000    1.00000000    1.00000000
  91    0.00023438    0.00010159    1.00000000    1.00000000    1.00000000
  92    0.00023874    0.00010348    1.00000000    1.00000000    1.00000000
  93    0.00024316    0.00010540    1.00000000    1.00000000    1.00000000
  94    0.00024764    0.00010734    1.00000000    1.00000000    1.00000000
  95    0.00025217    0.00010930    1.00000000    1.00000000    1.00000000
  96    0.00025676    0.00011129    1.00000000    1.00000000    1.00000000
  97    0.00026141    0.00011330    1.00000000    1.00000000    1.00000000
  98    0.00026611    0.00011534    1.00000000    1.00000000    1.00000000
  99    0.00027088    0.00011741    1.00000000    1.00000000    1.00000000
 100    0.00027570    0.00011950    1.00000000    1.00000000    1.00000000
 101    0.00028059    0.00012162    1.00000000    1.00000000    1.00000000
 102    0.00028553    0.00012376    1.00000000    1.00000000    1.00000000
 103    0.00029054    0.00012593    1.00000000    1.00000000    1.00000000
 104    0.00029562    0.00012813    1.00000000    1.00000000    1.00000000
 105    0.00030075    0.00013036    1.00000000    1.00000000    1.00000000
 106    0.00030595    0.00013261    1.00000000    1.00000000    1.00000000
 107    0.00031122    0.00013489    1.00000000    1.00000000    1.00000000
 108    0.00031655    0.00013720    1.00000000    1.00000000    1.00000000
 109    0.00032195    0.00013954    1.00000000    1.00000000    1.00000000
 110    0.00032741    0.00014191    1.00000000    1.00000000    1.00000000
 111    0.00033295    0.00014431    1.00000000    1.00000000    1.00000000
 112    0.00033856    0.00014674    1.00000000    1.00000000    1.00000000
 113    0.00034423    0.00014920    1.00000000    1.00000000    1.00000000
 114    0.00034998    0.00015169    1.00000000    1.00000000    1.00000000
 115    0.00035580    0.00015422    1.00000000    1.00000000    1.00000000
 116    0.00036169    0.00015677    1.00000000    1.00000000    1.00000000
 117    0.00036766    0.00015936    1.00000000    1.00000000    1.00000000
 118    0.00037370    0.00016197    1.00000000    1.00000000    1.00000000
 119    0.00037982    0.00016463    1.00000000    1.00000000    1.00000000
 120    0.00038601    0.00016731    1.00000000    1.00000000    1.00000000
 121    0.00039228    0.00017003    1.00000000    1.00000000    1.00000000
 122    0.00039864    0.00017278    1.00000000    1.00000000    1.00000000
 123    0.00040507    0.00017557    1.00000000    1.00000000    1.00000000
 124    0.00041158    0.00017839    1.00000000    1.00000000    1.00000000
 125    0.00041817    0.00018125    1.00000000    1.00000000    1.00000000
 126    0.00042485    0.00018415    1.00000000    1.00000000    1.00000000
 127    0.00043161    0.00018708    1.00000000    1.00000000    1.00000000
 128    0.00043846    0.00019004    1.00000000    1.00000000    1.00000000
 129    0.00044539    0.00019305    1.00000000    1.00000000    1.00000000
 130    0.00045241    0.00019609    1.00000000    1.00000000    1.00000000
 131    0.00045952    0.00019917    1.00000000    1.00000000    1.00000000
 132    0.00046671    0.00020229    1.00000000    1.00000000    1.00000000
 133    0.00047400    0.00020545    1.00000000    1.00000000    1.00000000
 134    0.00048138    0.00020865    1.00000000    1.00000000    1.00000000
 135    0.00048885    0.00021189    1.00000000    1.00000000    1.00000000
 136    0.00049642    0.00021517    1.00000000    1.00000000    1.00000000
 137    0.00050408    0.00021849    1.00000000    1.00000000    1.00000000
 138    0.00051184    0.00022185    1.00000000    1.00000000    1.00000000
 139    0.00051970    0.00022526    1.00000000    1.00000000    1.00000000
 140    0.00052765    0.00022870    1.00000000    1.00000000    1.00000000
 141    0.00053570    0.00023219    1.00000000    1.00000000    1.00000000
 142    0.00054386    0.00023573    1.00000000    1.00000000    1.00000000
 143    0.00055212    0.00023931    1.00000000    1.00000000    1.00000000
 144    0.00056048    0.00024293    1.00000000    1.00000000    1.00000000
 145    0.00056895    0.00024660    1.00000000    1.00000000    1.00000000
 146    0.00057752    0.00025032    1.00000000    1.00000000    1.00000000
 147    0.00058620    0.00025408    1.00000000    1.00000000    1.00000000
 148    0.00059499    0.00025789    1.00000000    1.00000000    1.00000000
 149    0.00060389    0.00026175    1.00000000    1.00000000    1.00000000
 150    0.00061291    0.00026566    1.00000000    1.00000000    1.00000000
 151    0.00062203    0.00026961    1.00000000    1.00000000    1.00000000
 152    0.00063128    0.00027362    1.00000000    1.00000000    1.00000000
 153    0.00064063    0.00027767    1.00000000    1.00000000    1.00000000
 154    0.00065011    0.00028178    1.00000000    1.00000000    1.00000000
 155    0.00065970    0.00028594    1.00000000    1.00000000    1.00000000
 156    0.00066942    0.00029015    1.00000000    1.00000000    1.00000000
 157    0.00067926    0.00029441    1.00000000    1.00000000    1.00000000
 158    0.00068922    0.00029873    1.00000000    1.00000000    1.00000000
 159    0.00069930    0.00030310    1.00000000    1.00000000    1.00000000
 160    0.00070952    0.00030753    1.00000000    1.00000000    1.00000000
 161    0.00071986    0.00031201    1.00000000    1.00000000    1.00000000
 162    0.00073033    0.00031655    1.00000000    1.00000000    1.00000000
 163    0.00074093    0.00032115    1.00000000    1.00000000    1.00000000
 164    0.00075167    0.00032580    1.00000000    1.00000000    1.00000000
 165    0.00076254    0.00033051    1.00000000    1.00000000    1.00000000
 166    0.00077355    0.00033529    1.00000000    1.00000000    1.00000000
 167    0.00078470    0.00034012    1.00000000    1.00000000    1.00000000
 168    0.00079599    0.00034501    1.00000000    1.00000000    1.00000000
 169    0.00080742    0.00034996    1.00000000    1.00000000    1.00000000
 170    0.00081899    0.00035498    1.00000000    1.00000000    1.00000000
 171    0.00083071    0.00036006    1.00000000    1.00000000    1.00000000
 172    0.00084257    0.00036520    1.00000000    1.00000000    1.00000000
 173    0.00085459    0.00037041    1.00000000    1.00000000    1.00000000
 174    0.00086676    0.00037568    1.00000000    1.00000000    1.00000000
 175    0.00087908    0.00038102    1.00000000    1.00000000    1.00000000
 176    0.00089155    0.00038643    1.00000000    1.00000000    1.00000000
 177    0.00090418    0.00039191    1.00000000    1.00000000    1.00000000
 178    0.00091697    0.00039745    1.00000000    1.00000000    1.00000000
 179    0.00092992    0.00040306    1.00000000    1.00000000    1.00000000
 180    0.00094304    0.00040875    1.00000000    1.00000000    1.00000000
 181    0.00095632    0.00041450    1.00000000    1.00000000    1.00000000
 182    0.00096976    0.00042033    1.00000000    1.00000000    1.00000000
 183    0.00098338    0.00042623    1.00000000    1.00000000    1.00000000
 184    0.00099717    0.00043221    1.00000000    1.00000000    1.00000000
 185    0.00101113    0.00043826    1.00000000    1.00000000    1.00000000
 186    0.00102526    0.00044439    1.00000000    1.00000000    1.00000000
 187    0.00103958    0.00045059    1.00000000    1.00000000    1.00000000
 188    0.00105407    0.00045687    1.00000000    1.00000000    1.00000000
 189    0.00106874    0.00046323    1.00000000    1.00000000    1.00000000
 190    0.00108360    0.00046968    1.00000000    1.00000000    1.00000000
 191    0.00109865    0.00047620    1.00000000    1.00000000    1.00000000
 192    0.00111389    0.00048280    1.00000000    1.00000000    1.00000000
 193    0.00112932    0.00048949    1.00000000    1.00000000    1.00000000
 194    0.00114494    0.00049626    1.00000000    1.00000000    1.00000000
 195    0.00116076    0.00050312    1.00000000    1.00000000    1.00000000
 196    0.00117678    0.00051006    1.00000000    1.00000000    1.00000000
 197    0.00119299    0.00051709    1.00000000    1.00000000    1.00000000
 198    0.00120942    0.00052421    1.00000000    1.00000000    1.00000000
 199    0.00122605    0.00053142    1.00000000    1.00000000    1.00000000
 200    0.00124289    0.00053871    1.00000000    1.00000000    1.00000000
 201    0.00125994    0.00054611    1.00000000    1.00000000    1.00000000
 202    0.00127720    0.00055359    1.00000000    1.00000000    1.00000000
 203    0.00129469    0.00056117    1.00000000    1.00000000    1.00000000
 204    0.00131239    0.00056884    1.00000000    1.00000000    1.00000000
 205    0.00133031    0.00057661    1.00000000    1.00000000    1.00000000
 206    0.00134846    0.00058448    1.00000000    1.00000000    1.00000000
 207    0.00136684    0.00059244    1.00000000    1.00000000    1.00000000
 208    0.00138545    0.00060051    1.00000000    1.00000000    1.00000000
 209    0.00140430    0.00060868    1.00000000    1.00000000    1.00000000
 210    0.00142338    0.00061695    1.00000000    1.00000000    1.00000000
 211    0.00144270    0.00062532    1.00000000    1.00000000    1.00000000
 212    0.00146226    0.00063380    1.00000000    1.00000000    1.00000000
 213    0.00148207    0.00064239    1.00000000    1.00000000    1.00000000
 214    0.00150213    0.00065108    1.00000000    1.00000000    1.00000000
 215    0.00152244    0.00065989    1.00000000    1.00000000    1.00000000
 216    0.00154301    0.00066880    1.00000000    1.00000000    1.00000000
 217    0.00156384    0.00067783    1.00000000    1.00000000    1.00000000
 218    0.00158492    0.00068697    1.00000000    1.00000000    1.00000000
 219    0.00160628    0.00069622    1.00000000    1.00000000    1.00000000
 220    0.00162790    0.00070560    1.00000000    1.00000000    1.00000000
 221    0.00164979    0.00071509    1.00000000    1.00000000    1.00000000
 222    0.00167196    0.00072469    1.00000000    1.00000000    1.00000000
 223    0.00169441    0.00073442    1.00000000    1.00000000    1.00000000
 224    0.00171714    0.00074428    1.00000000    1.00000000    1.00000000
 225    0.00174016    0.00075425    1.00000000    1.00000000    1.00000000
 226    0.00176346    0.00076436    1.00000000    1.00000000    1.00000000
 227    0.00178706    0.00077458    1.00000000    1.00000000    1.00000000
 228    0.00181096    0.00078494    1.00000000    1.00000000    1.00000000
 229    0.00183515    0.00079543    1.00000000    1.00000000    1.00000000
 230    0.00185965    0.00080605    1.00000000    1.00000000    1.00000000
 231    0.00188446    0.00081680    1.00000000    1.00000000    1.00000000
 232    0.00190958    0.00082769    1.00000000    1.00000000    1.00000000
 233    0.00193502    0.00083872    1.00000000    1.00000000    1.00000000
 234    0.00196078    0.00084988    1.00000000    1.00000000    1.00000000
 235    0.00198686    0.00086119    1.00000000    1.00000000    1.00000000
 236    0.00201327    0.00087263    1.00000000    1.00000000    1.00000000
 237    0.00204001    0.00088422    1.00000000    1.00000000    1.00000000
 238    0.00206709    0.00089596    1.00000000    1.00000000    1.00000000
 239    0.00209450    0.00090784    1.00000000    1.00000000    1.00000000
 240    0.00212227    0.00091988    1.00000000    1.00000000    1.00000000
 241    0.00215038    0.00093206    1.00000000    1.00000000    1.00000000
 242    0.00217884    0.00094440    1.00000000    1.00000000    1.00000000
 243    0.00220767    0.00095690    1.00000000    1.00000000    1.00000000
 244    0.00223685    0.00096955    1.00000000    1.00000000    1.00000000
 245    0.00226641    0.00098236    1.00000000    1.00000000    1.00000000
 246    0.00229633    0.00099533    1.00000000    1.00000000    1.00000000
 247    0.00232663    0.00100846    1.00000000    1.00000000    1.00000000
 248    0.00235732    0.00102176    1.00000000    1.00000000    1.00000000
 249    0.00238838    0.00103523    1.00000000    1.00000000    1.00000000
 250    0.00241984    0.00104886    1.00000000    1.00000000    1.00000000
 251    0.00245170    0.00106267    1.00000000    1.00000000    1.00000000
 252    0.00248396    0.00107665    1.00000000    1.00000000    1.00000000
 253    0.00251662    0.00109081    1.00000000    1.00000000    1.00000000
 254    0.00254969    0.00110515    1.00000000    1.00000000    1.00000000
 255    0.00258318    0.00111966    1.00000000    1.00000000    1.00000000
 256    0.00261709    0.00113436    1.00000000    1.00000000    1.00000000
 257    0.00265142    0.00114924    1.00000000    1.00000000    1.00000000
 258    0.00268619    0.00116431    1.00000000    1.00000000    1.00000000
 259    0.00272140    0.00117957    1.00000000    1.00000000    1.00000000
 260    0.00275704    0.00119503    1.00000000    1.00000000    1.00000000
 261    0.00279314    0.00121067    1.00000000    1.00000000    1.00000000
 262    0.00282969    0.00122652    1.00000000    1.00000000    1.00000000
 263    0.00286670    0.00124256    1.00000000    1.00000000    1.00000000
 264    0.00290418    0.00125880    1.00000000    1.00000000    1.00000000
 265    0.00294213    0.00127525    1.00000000    1.00000000    1.00000000
 266    0.00298055    0.00129191    1.00000000    1.00000000    1.00000000
 267    0.00301946    0.00130877    1.00000000    1.00000000    1.00000000
 268    0.00305886    0.00132585    1.00000000    1.00000000    1.00000000
 269    0.00309875    0.00134314    1.00000000    1.00000000    1.00000000
 270    0.00313914    0.00136065    1.00000000    1.00000000    1.00000000
 271    0.00318005    0.00137838    1.00000000    1.00000000    1.00000000
 272    0.00322146    0.00139634    1.00000000    1.00000000    1.00000000
 273    0.00326340    0.00141451    1.00000000    1.00000000    1.00000000
 274    0.00330587    0.00143292    1.00000000    1.00000000    1.00000000
 275    0.00334887    0.00145156    1.00000000    1.00000000    1.00000000
 276    0.00339241    0.00147043    1.00000000    1.00000000    1.00000000
 277    0.00343650    0.00148955    1.00000000    1.00000000    1.00000000
 278    0.00348114    0.00150890    1.00000000    1.00000000    1.00000000
 279    0.00352634    0.00152849    1.00000000    1.00000000    1.00000000
 280    0.00357212    0.00154833    1.00000000    1.00000000    1.00000000
 281    0.00361847    0.00156843    1.00000000    1.00000000    1.00000000
 282    0.00366540    0.00158877    1.00000000    1.00000000    1.00000000
 283    0.00371292    0.00160937    1.00000000    1.00000000    1.00000000
 284    0.00376104    0.00163023    1.00000000    1.00000000    1.00000000
 285    0.00380977    0.00165135    1.00000000    1.00000000    1.00000000
 286    0.00385910    0.00167274    1.00000000    1.00000000    1.00000000
 287    0.00390906    0.00169439    1.00000000    1.00000000    1.00000000
 288    0.00395965    0.00171632    1.00000000    1.00000000    1.00000000
 289    0.00401087    0.00173853    1.00000000    1.00000000    1.00000000
 290    0.00406274    0.00176101    1.00000000    1.00000000    1.00000000
 291    0.00411526    0.00178378    1.00000000    1.00000000    1.00000000
 292    0.00416844    0.00180683    1.00000000    1.00000000    1.00000000
 293    0.00422229    0.00183018    1.00000000    1.00000000    1.00000000
 294    0.00427682    0.00185381    1.00000000    1.00000000    1.00000000
 295    0.00433203    0.00187775    0.99999999    1.00000000    1.00000000
 296    0.00438794    0.00190198    0.99999999    1.00000000    1.00000000
 297    0.00444455    0.00192652    0.99999999    1.00000000    1.00000000
 298    0.00450187    0.00195137    0.99999999    1.00000000    1.00000000
 299    0.00455992    0.00197653    0.99999999    1.00000000    1.00000000
 300    0.00461869    0.00200201    0.99999999    1.00000000    1.00000000
 301    0.00467820    0.00202781    0.99999999    1.00000000    1.00000000
 302    0.00473847    0.00205394    0.99999999    1.00000000    1.00000000
 303    0.00479948    0.00208039    0.99999999    1.00000000    1.00000000
 304    0.00486127    0.00210717    0.99999999    1.00000000    1.00000000
 305    0.00492384    0.00213430    0.99999999    1.00000000    1.00000000
 306    0.00498719    0.00216176    0.99999999    1.00000000    1.00000000
 307    0.00505134    0.00218957    0.99999999    1.00000000    1.00000000
 308    0.00511629    0.00221773    0.99999999    1.00000000    1.00000000
 309    0.00518206    0.00224624    0.99999999    1.00000000    1.00000000
 310    0.00524866    0.00227512    0.99999999    1.00000000    1.00000000
 311    0.00531610    0.00230435    0.99999999    1.00000000    1.00000000
 312    0.00538439    0.00233395    0.99999999    1.00000000    1.00000000
 313    0.00545353    0.00236393    0.99999999    1.00000000    1.00000000
 314    0.00552354    0.00239428    0.99999999    1.00000000    1.00000000
 315    0.00559444    0.00242502    0.99999999    1.00000000    1.00000000
 316    0.00566623    0.00245614    0.99999999    1.00000000    1.00000000
 317    0.00573892    0.00248766    0.99999999    1.00000000    1.00000000
 318    0.00581252    0.00251957    0.99999999    1.00000000    1.00000000
 319    0.00588705    0.00255188    0.99999999    1.00000000    1.00000000
 320    0.00596252    0.00258460    0.99999999    1.00000000    1.00000000
 321    0.00603893    0.00261773    0.99999999    1.00000000    1.00000000
 322    0.00611631    0.00265127    0.99999999    1.00000000    1.00000000
 323    0.00619466    0.00268524    0.99999998    1.00000000    1.00000000
 324    0.00627400    0.00271964    0.99999998    1.00000000    1.00000000
 325    0.00635433    0.00275447    0.99999998    1.00000000    1.00000000
 326    0.00643568    0.00278974    0.99999998    1.00000000    1.00000000
 327    0.00651805    0.00282545    0.99999998    1.00000000    1.00000000
 328    0.00660145    0.00286161    0.99999998    1.00000000    1.00000000
 329    0.00668590    0.00289823    0.99999998    1.00000000    1.00000000
 330    0.00677142    0.00293531    0.99999998    1.00000000    1.00000000
 331    0.00685801    0.00297285    0.99999998    1.00000000    1.00000000
 332    0.00694569    0.00301087    0.99999998    1.00000000    1.00000000
 333    0.00703447    0.00304936    0.99999998    1.00000000    1.00000000
 334    0.00712437    0.00308834    0.99999998    1.00000000    1.00000000
 335    0.00721540    0.00312782    0.99999998    1.00000000    1.00000000
 336    0.00730758    0.00316778    0.99999998    1.00000000    1.00000000
 337    0.00740092    0.00320825    0.99999997    1.00000000    1.00000000
 338    0.00749542    0.00324923    0.99999997    1.00000000    1.00000000
 339    0.00759112    0.00329073    0.99999997    1.00000000    1.00000000
 340    0.00768802    0.00333275    0.99999997    1.00000000    1.00000000
 341    0.00778615    0.00337530    0.99999997    1.00000000    1.00000000
 342    0.00788550    0.00341838    0.99999997    1.00000000    1.00000000
 343    0.00798610    0.00346201    0.99999997    1.00000000    1.00000000
 344    0.00808797    0.00350618    0.99999997    1.00000000    1.00000000
 345    0.00819113    0.00355091    0.99999996    1.00000000    1.00000000
 346    0.00829557    0.00359621    0.99999996    1.00000000    1.00000000
 347    0.00840134    0.00364207    0.99999996    1.00000000    1.00000000
 348    0.00850843    0.00368851    0.99999996    1.00000000    1.00000000
 349    0.00861687    0.00373554    0.99999996    1.00000000    1.00000000
 350    0.00872667    0.00378316    0.99999996    1.00000000    1.00000000
 351    0.00883786    0.00383138    0.99999996    1.00000000    1.00000000
 352    0.00895044    0.00388020    0.99999995    1.00000000    1.00000000
 353    0.00906444    0.00392964    0.99999995    1.00000000    1.00000000
 354    0.00917988    0.00397971    0.99999995    1.00000000    1.00000000
 355    0.00929676    0.00403040    0.99999995    1.00000000    1.00000000
 356    0.00941512    0.00408174    0.99999995    1.00000000    1.00000000
 357    0.00953496    0.00413371    0.99999994    1.00000000    1.00000000
 358    0.00965632    0.00418635    0.99999994    1.00000000    1.00000000
 359    0.00977920    0.00423964    0.99999994    1.00000000    1.00000000
 360    0.00990362    0.00429361    0.99999994    1.00000000    1.00000000
 361    0.01002961    0.00434826    0.99999994    1.00000000    1.00000000
 362    0.01015718    0.00440360    0.99999993    1.00000000    1.00000000
 363    0.01028636    0.00445963    0.99999993    1.00000000    1.00000000
 364    0.01041717    0.00451637    0.99999993    1.00000000    1.00000000
 365    0.01054962    0.00457382    0.99999993    1.00000000    1.00000000
 366    0.01068373    0.00463200    0.99999992    1.00000000    1.00000000
 367    0.01081953    0.00469091    0.99999992    1.00000000    1.00000000
 368    0.01095704    0.00475057    0.99999992    1.00000000    1.00000000
 369    0.01109628    0.00481097    0.99999991    1.00000000    1.00000000
 370    0.01123727    0.00487214    0.99999991    1.00000000    1.00000000
 371    0.01138004    0.00493407    0.99999991    1.00000000    1.00000000
 372    0.01152460    0.00499679    0.99999990    1.00000000    1.00000000
 373    0.01167098    0.00506030    0.99999990    1.00000000    1.00000000
 374    0.01181920    0.00512461    0.99999989    1.00000000    1.00000000
 375    0.01196928    0.00518973    0.99999989    1.00000000    1.00000000
 376    0.01212125    0.00525567    0.99999989    1.00000000    1.00000000
 377    0.01227514    0.00532244    0.99999988    1.00000000    1.00000000
 378    0.01243096    0.00539005    0.99999988    1.00000000    1.00000000
 379    0.01258874    0.00545852    0.99999987    1.00000000    1.00000000
 380    0.01274850    0.00552784    0.99999987    1.00000000    1.00000000
 381    0.01291027    0.00559805    0.99999986    1.00000000    1.00000000
 382    0.01307408    0.00566913    0.99999986    1.00000000    1.00000000
 383    0.01323995    0.00574112    0.99999985    1.00000000    1.00000000
 384    0.01340791    0.00581401    0.99999985    1.00000000    1.00000000
 385    0.01357798    0.00588782    0.99999984    1.00000000    1.00000000
 386    0.01375018    0.00596256    0.99999983    1.00000000    1.00000000
 387    0.01392456    0.00603825    0.99999983    1.00000000    1.00000000
 388    0.01410112    0.00611489    0.99999982    1.00000000    1.00000000
 389    0.01427991    0.00619249    0.99999981    1.00000000    1.00000000
 390    0.01446095    0.00627108    0.99999981    1.00000000    1.00000000
 391    0.01464426    0.00635066    0.99999980    1.00000000    1.00000000
 392    0.01482988    0.00643124    0.99999979    1.00000000    1.00000000
 393    0.01501783    0.00651284    0.99999978    1.00000000    1.00000000
 394    0.01520815    0.00659546    0.99999978    1.00000000    1.00000000
 395    0.01540086    0.00667914    0.99999977    1.00000000    1.00000000
 396    0.01559600    0.00676386    0.99999976    1.00000000    1.00000000
 397    0.01579359    0.00684966    0.99999975    1.00000000    1.00000000
 398    0.01599367    0.00693654    0.99999974    1.00000000    1.00000000
 399    0.01619626    0.00702451    0.99999973    0.99999999    0.99999999
 400    0.01640140    0.00711360    0.99999972    0.99999999    0.99999999
 401    0.01660912    0.00720381    0.99999971    0.99999999    0.99999999
 402    0.01681946    0.00729517    0.99999970    0.99999999    0.99999999
 403    0.01703244    0.00738767    0.99999968    0.99999999    0.99999999
 404    0.01724810    0.00748134    0.99999967    0.99999999    0.99999999
 405    0.01746647    0.00757620    0.99999966    0.99999999    0.99999999
 406    0.01768759    0.00767226    0.99999965    0.99999999    0.99999999
 407    0.01791148    0.00776953    0.99999963    0.99999999    0.99999999
 408    0.01813820    0.00786803    0.99999962    0.99999999    0.99999999
 409    0.01836777    0.00796777    0.99999960    0.99999999    0.99999999
 410    0.01860022    0.00806877    0.99999959    0.99999999    0.99999999
 411    0.01883560    0.00817106    0.99999957    0.99999999    0.99999999
 412    0.01907394    0.00827463    0.99999956    0.99999999    0.99999999
 413    0.01931528    0.00837951    0.99999954    0.99999999    0.99999999
 414    0.01955965    0.00848573    0.99999952    0.99999999    0.99999999
 415    0.01980710    0.00859328    0.99999950    0.99999999    0.99999999
 416    0.02005766    0.00870220    0.99999948    0.99999999    0.99999999
 417    0.02031137    0.00881249    0.99999946    0.99999999    0.99999999
 418    0.02056828    0.00892418    0.99999944    0.99999999    0.99999999
 419    0.02082841    0.00903728    0.99999942    0.99999999    0.99999999
 420    0.02109182    0.00915181    0.99999940    0.99999999    0.99999999
 421    0.02135854    0.00926780    0.99999938    0.99999999    0.99999999
 422    0.02162861    0.00938525    0.99999935    0.99999999    0.99999999
 423    0.02190208    0.00950419    0.99999933    0.99999999    0.99999999
 424    0.02217899    0.00962464    0.99999930    0.99999999    0.99999999
 425    0.02245939    0.00974661    0.99999928    0.99999999    0.99999999
 426    0.02274331    0.00987013    0.99999925    0.99999999    0.99999999
 427    0.02303080    0.00999521    0.99999922    0.99999999    0.99999999
 428    0.02332191    0.01012188    0.99999919    0.99999998    0.99999998
 429    0.02361668    0.01025015    0.99999916    0.99999998    0.99999998
 430    0.02391516    0.01038006    0.99999913    0.99999998    0.99999998
 431    0.02421739    0.01051160    0.99999909    0.99999998    0.99999998
 432    0.02452343    0.01064482    0.99999906    0.99999998    0.99999998
 433    0.02483331    0.01077973    0.99999902    0.99999998    0.99999998
 434    0.02514709    0.01091635    0.99999898    0.99999998    0.99999998
 435    0.02546482    0.01105470    0.99999894    0.99999998    0.99999998
 436    0.02578655    0.01119482    0.99999890    0.99999998    0.99999998
 437    0.02611232    0.01133671    0.99999886    0.99999998    0.99999998
 438    0.02644219    0.01148040    0.99999882    0.99999998    0.99999998
 439    0.02677621    0.01162592    0.99999877    0.99999998    0.99999998
 440    0.02711443    0.01177329    0.99999873    0.99999998    0.99999998
 441    0.02745690    0.01192253    0.99999868    0.99999998    0.99999998
 442    0.02780369    0.01207367    0.99999863    0.99999997    0.99999997
 443    0.02815483    0.01222673    0.99999857    0.99999997    0.99999997
 444    0.02851039    0.01238174    0.99999852    0.99999997    0.99999997
 445    0.02887043    0.01253872    0.99999846    0.99999997    0.99999997
 446    0.02923499    0.01269770    0.99999840    0.99999997    0.99999997
 447    0.02960414    0.01285871    0.99999834    0.99999997    0.99999997
 448    0.02997793    0.01302176    0.99999828    0.99999997    0.99999997
 449    0.03035642    0.01318690    0.99999821    0.99999997    0.99999997
 450    0.03073968    0.01335413    0.99999814    0.99999997    0.99999997
 451    0.03112775    0.01352350    0.99999807    0.99999996    0.99999996
 452    0.03152071    0.01369503    0.99999800    0.99999996    0.99999996
 453    0.03191861    0.01386875    0.99999792    0.99999996    0.99999996
 454    0.03232151    0.01404469    0.99999784    0.99999996    0.99999996
 455    0.03272948    0.01422287    0.99999776    0.99999996    0.99999996
 456    0.03314259    0.01440333    0.99999767    0.99999996    0.99999996
 457    0.03356088    0.01458610    0.99999758    0.99999995    0.99999995
 458    0.03398445    0.01477120    0.99999749    0.99999995    0.99999995
 459    0.03441334    0.01495866    0.99999739    0.99999995    0.99999995
 460    0.03484762    0.01514853    0.99999729    0.99999995    0.99999995
 461    0.03528737    0.01534082    0.99999719    0.99999995    0.99999995
 462    0.03573264    0.01553558    0.99999708    0.99999995    0.99999995
 463    0.03618352    0.01573283    0.99999697    0.99999994    0.99999994
 464    0.03664007    0.01593261    0.99999685    0.99999994    0.99999994
 465    0.03710236    0.01613495    0.99999673    0.99999994    0.99999994
 466    0.03757047    0.01633989    0.99999660    0.99999994    0.99999994
 467    0.03804447    0.01654746    0.99999647    0.99999993    0.99999993
 468    0.03852442    0.01675769    0.99999634    0.99999993    0.99999993
 469    0.03901042    0.01697062    0.99999620    0.99999993    0.99999993
 470    0.03950253    0.01718629    0.99999605    0.99999993    0.99999993
 471    0.04000083    0.01740473    0.99999590    0.99999992    0.99999992
 472    0.04050539    0.01762598    0.99999574    0.99999992    0.99999992
 473    0.04101630    0.01785008    0.99999558    0.99999992    0.99999992
 474    0.04153364    0.01807707    0.99999541    0.99999991    0.99999991
 475    0.04205749    0.01830698    0.99999523    0.99999991    0.99999991
 476    0.04258792    0.01853985    0.99999505    0.99999991    0.99999991
 477    0.04312503    0.01877573    0.99999485    0.99999990    0.99999990
 478    0.04366889    0.01901466    0.99999466    0.99999990    0.99999990
 479    0.04421960    0.01925667    0.99999445    0.99999990    0.99999990
 480    0.04477723    0.01950181    0.99999424    0.99999989    0.99999989
 481    0.04534187    0.01975013    0.99999402    0.99999989    0.99999989
 482    0.04591362    0.02000165    0.99999379    0.99999988    0.99999988
 483    0.04649256    0.02025644    0.99999355    0.99999988    0.99999988
 484    0.04707878    0.02051452    0.99999330    0.99999988    0.99999988
 485    0.04767238    0.02077596    0.99999304    0.99999987    0.99999987
 486    0.04827344    0.02104078    0.99999277    0.99999987    0.99999987
 487    0.04888206    0.02130905    0.99999250    0.99999986    0.99999986
 488    0.04949834    0.02158081    0.99999221    0.99999985    0.99999985
 489    0.05012237    0.02185610    0.99999191    0.99999985    0.99999985
 490    0.05075425    0.02213498    0.99999159    0.99999984    0.99999984
 491    0.05139408    0.02241749    0.99999127    0.99999984    0.99999984
 492    0.05204195    0.02270368    0.99999094    0.99999983    0.99999983
 493    0.05269798    0.02299361    0.99999059    0.99999982    0.99999982
 494    0.05336225    0.02328733    0.99999022    0.99999982    0.99999982
 495    0.05403488    0.02358489    0.99998985    0.99999981    0.99999981
 496    0.05471598    0.02388635    0.99998946    0.99999980    0.99999980
 497    0.05540564    0.02419175    0.99998905    0.99999980    0.99999980
 498    0.05610397    0.02450116    0.99998863    0.99999979    0.99999979
 499    0.05681109    0.02481463    0.99998819    0.99999978    0.99999978
 500    0.05752710    0.02513222    0.99998773    0.99999977    0.99999977
 501    0.05825212    0.02545399    0.99998726    0.99999976    0.99999976
 502    0.05898626    0.02578000    0.99998677    0.99999975    0.99999975
 503    0.05972963    0.02611030    0.99998626    0.99999974    0.99999974
 504    0.06048236    0.02644496    0.99998573    0.99999973    0.99999973
 505    0.06124455    0.02678404    0.99998518    0.99999972    0.99999972
 506    0.06201633    0.02712760    0.99998461    0.99999971    0.99999971
 507    0.06279781    0.02747572    0.99998402    0.99999970    0.99999970
 508    0.06358913    0.02782845    0.99998340    0.99999969    0.99999969
 509    0.06439040    0.02818586    0.99998276    0.99999968    0.99999968
 510    0.06520175    0.02854801    0.99998209    0.99999967    0.99999967
 511    0.06602330    0.02891499    0.99998140    0.99999965    0.99999965
 512    0.06685519    0.02928686    0.99998068    0.99999964    0.99999964
 513    0.06769754    0.02966368    0.99997994    0.99999963    0.99999963
 514    0.06855049    0.03004554    0.99997916    0.99999961    0.99999961
 515    0.06941417    0.03043251    0.99997836    0.99999960    0.99999960
 516    0.07028871    0.03082465    0.99997752    0.99999958    0.99999958
 517    0.07117425    0.03122206    0.99997665    0.99999957    0.99999957
 518    0.07207093    0.03162481    0.99997575    0.99999955    0.99999955
 519    0.07297888    0.03203297    0.99997481    0.99999953    0.99999953
 520    0.07389826    0.03244663    0.99997384    0.99999951    0.99999951
 521    0.07482921    0.03286587    0.99997283    0.99999949    0.99999949
 522    0.07577186    0.03329077    0.99997178    0.99999947    0.99999947
 523    0.07672637    0.03372142    0.99997068    0.99999945    0.99999945
 524    0.07769288    0.03415792    0.99996955    0.99999943    0.99999943
 525    0.07867156    0.03460033    0.99996837    0.99999941    0.99999941
 526    0.07966254    0.03504877    0.99996715    0.99999939    0.99999939
 527    0.08066599    0.03550331    0.99996587    0.99999936    0.99999936
 528    0.08168206    0.03596405    0.99996455    0.99999934    0.99999934
 529    0.08271091    0.03643109    0.99996318    0.99999931    0.99999931
 530    0.08375270    0.03690453    0.99996175    0.99999929    0.99999929
 531    0.08480760    0.03738446    0.99996027    0.99999926    0.99999926
 532    0.08587577    0.03787098    0.99995872    0.99999923    0.99999923
 533    0.08695737    0.03836421    0.99995712    0.99999920    0.99999920
 534    0.08805257    0.03886423    0.99995546    0.99999917    0.99999917
 535    0.08916156    0.03937117    0.99995373    0.99999914    0.99999914
 536    0.09028449    0.03988513    0.99995193    0.99999911    0.99999911
 537    0.09142154    0.04040622    0.99995006    0.99999907    0.99999907
 538    0.09257290    0.04093455    0.99994812    0.99999904    0.99999904
 539    0.09373874    0.04147024    0.99994610    0.99999900    0.99999900
 540    0.09491925    0.04201342    0.99994401    0.99999896    0.99999896
 541    0.09611460    0.04256419    0.99994183    0.99999892    0.99999892
 542    0.09732499    0.04312268    0.99993956    0.99999888    0.99999888
 543    0.09855061    0.04368902    0.99993721    0.99999884    0.99999884
 544    0.09979164    0.04426333    0.99993476    0.99999879    0.99999879
 545    0.10104828    0.04484575    0.99993222    0.99999874    0.99999874
 546    0.10232073    0.04543640    0.99992958    0.99999870    0.99999870
 547    0.10360918    0.04603543    0.99992683    0.99999865    0.99999865
 548    0.10491384    0.04664297    0.99992397    0.99999859    0.99999859
 549    0.10623491    0.04725916    0.99992100    0.99999854    0.99999854
 550    0.10757260    0.04788414    0.99991792    0.99999848    0.99999848
 551    0.10892712    0.04851807    0.99991471    0.99999843    0.99999843
 552    0.11029867    0.04916109    0.99991137    0.99999837    0.99999837
 553    0.11168747    0.04981336    0.99990790    0.99999830    0.99999830
 554    0.11309374    0.05047503    0.99990430    0.99999824    0.99999824
 555    0.11451770    0.05114626    0.99990055    0.99999817    0.99999817
 556    0.11595958    0.05182722    0.99989665    0.99999810    0.99999810
 557    0.11741959    0.05251806    0.99989260    0.99999803    0.99999803
 558    0.11889796    0.05321896    0.99988839    0.99999796    0.99999796
 559    0.12039493    0.05393010    0.99988401    0.99999788    0.99999788
 560    0.12191073    0.05465164    0.99987945    0.99999780    0.99999780
 561    0.12344559    0.05538377    0.99987471    0.99999771    0.99999771
 562    0.12499977    0.05612667    0.99986979    0.99999763    0.99999763
 563    0.12657349    0.05688053    0.99986466    0.99999754    0.99999754
 564    0.12816700    0.05764554    0.99985933    0.99999745    0.99999745
 565    0.12978056    0.05842190    0.99985379    0.99999735    0.99999735
 566    0.13141442    0.05920980    0.99984803    0.99999725    0.99999725
 567    0.13306882    0.06000945    0.99984203    0.99999715    0.99999715
 568    0.13474404    0.06082105    0.99983580    0.99999704    0.99999704
 569    0.13644033    0.06164482    0.99982931    0.99999693    0.99999693
 570    0.13815796    0.06248098    0.99982256    0.99999682    0.99999682
 571    0.13989719    0.06332974    0.99981555    0.99999670    0.99999670
 572    0.14165829    0.06419133    0.99980824    0.99999658    0.99999658
 573    0.14344155    0.06506598    0.99980065    0.99999646    0.99999646
 574    0.14524724    0.06595392    0.99979274    0.99999633    0.99999633
 575    0.14707565    0.06685539    0.99978452    0.99999619    0.99999619
 576    0.14892705    0.06777064    0.99977596    0.99999605    0.99999605
 577    0.15080174    0.06869991    0.99976706    0.99999591    0.99999591
 578    0.15270000    0.06964346    0.99975779    0.99999577    0.99999577
 579    0.15462215    0.07060154    0.99974815    0.99999562    0.99999562
 580    0.15656848    0.07157442    0.99973812    0.99999546    0.99999546
 581    0.15853928    0.07256237    0.99972768    0.99999530    0.99999530
 582    0.16053488    0.07356565    0.99971681    0.99999514    0.99999514
 583    0.16255558    0.07458456    0.99970550    0.99999497    0.99999497
 584    0.16460169    0.07561937    0.99969373    0.99999480    0.99999480
 585    0.16667354    0.07667037    0.99968147    0.99999462    0.99999462
 586    0.16877145    0.07773785    0.99966871    0.99999444    0.99999444
 587    0.17089575    0.07882212    0.99965543    0.99999425    0.99999425
 588    0.17304678    0.07992348    0.99964161    0.99999406    0.99999406
 589    0.17522485    0.08104224    0.99962721    0.99999386    0.99999386
 590    0.17743033    0.08217871    0.99961222    0.99999367    0.99999367
 591    0.17966354    0.08333323    0.99959662    0.99999346    0.99999346
 592    0.18192485    0.08450610    0.99958037    0.99999326    0.99999326
 593    0.18421460    0.08569767    0.99956345    0.99999305    0.99999305
 594    0.18653315    0.08690827    0.99954583    0.99999284    0.99999284
 595    0.18888087    0.08813824    0.99952747    0.99999262    0.99999262
 596    0.19125811    0.08938794    0.99950836    0.99999241    0.99999241
 597    0.19366526    0.09065770    0.99948845    0.99999219    0.99999219
 598    0.19610269    0.09194789    0.99946772    0.99999197    0.99999197
 599    0.19857077    0.09325888    0.99944612    0.99999175    0.99999175
 600    0.20106990    0.09459102    0.99942361    0.99999153    0.99999153
 601    0.20360047    0.09594468    0.99940017    0.99999131    0.99999131
 602    0.20616286    0.09732025    0.99937575    0.99999109    0.99999109
 603    0.20875749    0.09871810    0.99935031    0.99999088    0.99999088
 604    0.21138475    0.10013862    0.99932380    0.99999067    0.99999067
 605    0.21404507    0.10158219    0.99929618    0.99999047    0.99999047
 606    0.21673884    0.10304920    0.99926739    0.99999028    0.99999028
 607    0.21946649    0.10454004    0.99923739    0.99999009    0.99999009
 608    0.22222846    0.10605512    0.99920613    0.99998992    0.99998992
 609    0.22502517    0.10759482    0.99917355    0.99998976    0.99998976
 610    0.22785705    0.10915956    0.99913960    0.99998961    0.99998961
 611    0.23072456    0.11074972    0.99910421    0.99998948    0.99998948
 612    0.23362813    0.11236572    0.99906732    0.99998937    0.99998937
 613    0.23656823    0.11400796    0.99902886    0.99998929    0.99998929
 614    0.23954531    0.11567683    0.99898878    0.99998923    0.99998923
 615    0.24255984    0.11737274    0.99894699    0.99998921    0.99998921
 616    0.24561228    0.11909610    0.99890342    0.99998922    0.99998922
 617    0.24870312    0.12084729    0.99885800    0.99998927    0.99998927
 618    0.25183284    0.12262671    0.99881064    0.99998936    0.99998936
 619    0.25500192    0.12443476    0.99876126    0.99998951    0.99998951
 620    0.25821087    0.12627182    0.99870978    0.99998971    0.99998971
 621    0.26146018    0.12813827    0.99865609    0.99998997    0.99998997
 622    0.26475036    0.13003448    0.99860011    0.99999031    0.99999031
 623    0.26808193    0.13196082    0.99854173    0.99999073    0.99999073
 624    0.27145540    0.13391764    0.99848085    0.99999123    0.99999123
 625    0.27487131    0.13590529    0.99841737    0.99999183    0.99999183
 626    0.27833018    0.13792410    0.99835116    0.99999253    0.99999253
 627    0.28183256    0.13997439    0.99828210    0.99999336    0.99999336
 628    0.28537899    0.14205647    0.99821009    0.99999432    0.99999432
 629    0.28897004    0.14417061    0.99813498    0.99999542    0.99999542
 630    0.29260625    0.14631709    0.99805665    0.99999668    0.99999668
 631    0.29628820    0.14849615    0.99797495    0.99999812    0.99999812
 632    0.30001646    0.15070802    0.99788974    0.99999975    0.99999975
 633    0.30379162    0.15295291    0.99780087    1.00000159    1.00000159
 634    0.30761427    0.15523097    0.99770818    1.00000367    1.00000367
 635    0.31148500    0.15754236    0.99761150    1.00000600    1.00000600
 636    0.31540441    0.15988719    0.99751068    1.00000862    1.00000862
 637    0.31937313    0.16226552    0.99740553    1.00001154    1.00001154
 638    0.32339177    0.16467741    0.99729587    1.00001479    1.00001479
 639    0.32746095    0.16712285    0.99718150    1.00001841    1.00001841
 640    0.33158132    0.16960179    0.99706224    1.00002243    1.00002243
 641    0.33575352    0.17211414    0.99693787    1.00002689    1.00002689
 642    0.33997819    0.17465977    0.99680819    1.00003182    1.00003182
 643    0.34425601    0.17723846    0.99667296    1.00003726    1.00003726
 644    0.34858763    0.17984997    0.99653198    1.00004327    1.00004327
 645    0.35297374    0.18249398    0.99638499    1.00004990    1.00004990
 646    0.35741502    0.18517012    0.99623175    1.00005719    1.00005719
 647    0.36191217    0.18787792    0.99607201    1.00006520    1.00006520
 648    0.36646588    0.19061686    0.99590552    1.00007399    1.00007399
 649    0.37107687    0.19338635    0.99573200    1.00008363    1.00008363
 650    0.37574586    0.19618568    0.99555117    1.00009420    1.00009420
 651    0.38047358    0.19901408    0.99536275    1.00010576    1.00010576
 652    0.38526076    0.20187067    0.99516644    1.00011840    1.00011840
 653    0.39010817    0.20475450    0.99496194    1.00013220    1.00013220
 654    0.39501654    0.20766448    0.99474894    1.00014726    1.00014726
 655    0.39998665    0.21059942    0.99452713    1.00016368    1.00016368
 656    0.40501928    0.21355802    0.99429617    1.00018156    1.00018156
 657    0.41011522    0.21653887    0.99405573    1.00020102    1.00020102
 658    0.41527525    0.21954039    0.99380547    1.00022218    1.00022218
 659    0.42050018    0.22256092    0.99354504    1.00024516    1.00024516
 660    0.42579084    0.22559862    0.99327408    1.00027010    1.00027010
 661    0.43114805    0.22865151    0.99299225    1.00029715    1.00029715
 662    0.43657264    0.23171747    0.99269916    1.00032645    1.00032645
 663    0.44206547    0.23479420    0.99239445    1.00035817    1.00035817
 664    0.44762738    0.23787925    0.99207775    1.00039248    1.00039248
 665    0.45325926    0.24097000    0.99174868    1.00042955    1.00042955
 666    0.45896198    0.24406362    0.99140686    1.00046957    1.00046957
 667    0.46473642    0.24715713    0.99105191    1.00051274    1.00051274
 668    0.47058351    0.25024733    0.99068345    1.00055926    1.00055926
 669    0.47650414    0.25333082    0.99030110    1.00060935    1.00060935
 670    0.48249924    0.25640402    0.98990450    1.00066322    1.00066322
 671    0.48856975    0.25946312    0.98949327    1.00072110    1.00072110
 672    0.49471662    0.26250408    0.98906704    1.00078324    1.00078324
 673    0.50094080    0.26552264    0.98862547    1.00084986    1.00084986
 674    0.50724328    0.26851434    0.98816822    1.00092123    1.00092123
 675    0.51362503    0.27147444    0.98769495    1.00099760    1.00099760
 676    0.52008706    0.27439799    0.98720535    1.00107921    1.00107921
 677    0.52663036    0.27727980    0.98669912    1.00116633    1.00116633
 678    0.53325597    0.28011439    0.98617599    1.00125922    1.00125922
 679    0.53996493    0.28289609    0.98563571    1.00135813    1.00135813
 680    0.54675827    0.28561893    0.98507805    1.00146331    1.00146331
 681    0.55363705    0.28827670    0.98450282    1.00157500    1.00157500
 682    0.56060237    0.29086294    0.98390986    1.00169344    1.00169344
 683    0.56765530    0.29337093    0.98329903    1.00181883    1.00181883
 684    0.57479694    0.29579370    0.98267027    1.00195138    1.00195138
 685    0.58202841    0.29812400    0.98202353    1.00209126    1.00209126
 686    0.58935084    0.30035436    0.98135881    1.00223862    1.00223862
 687    0.59676538    0.30247706    0.98067619    1.00239356    1.00239356
 688    0.60427318    0.30448413    0.97997578    1.00255616    1.00255616
 689    0.61187542    0.30636738    0.97925776    1.00272643    1.00272643
 690    0.61957328    0.30811836    0.97852237    1.00290435    1.00290435
 691    0.62736797    0.30972846    0.97776993    1.00308982    1.00308982
 692    0.63526071    0.31118881    0.97700082    1.00328267    1.00328267
 693    0.64325272    0.31249039    0.97621551    1.00348265    1.00348265
 694    0.65134526    0.31362398    0.97541454    1.00368942    1.00368942
 695    0.65953959    0.31458022    0.97459855    1.00390255    1.00390255
 696    0.66783700    0.31534959    0.97376824    1.00412148    1.00412148
 697    0.67623877    0.31592245    0.97292443    1.00434553    1.00434553
 698    0.68474623    0.31628909    0.97206803    1.00457389    1.00457389
 699    0.69336069    0.31643968    0.97120002    1.00480561    1.00480561
 700    0.70208351    0.31636438    0.97032152    1.00503958    1.00503958
 701    0.71091605    0.31605331    0.96943371    1.00527449    1.00527449
 702    0.71985969    0.31549662    0.96853790    1.00550889    1.00550889
 703    0.72891583    0.31468447    0.96763549    1.00574110    1.00574110
 704    0.73808588    0.31360713    0.96672797    1.00596926    1.00596926
 705    0.74737127    0.31225497    0.96581695    1.00619127    1.00619127
 706    0.75677346    0.31061851    0.96490411    1.00640484    1.00640484
 707    0.76629392    0.30868845    0.96399124    1.00660742    1.00660742
 708    0.77593413    0.30645575    0.96308020    1.00679621    1.00679621
 709    0.78569559    0.30391161    0.96217297    1.00696821    1.00696821
 710    0.79557985    0.30104757    0.96127155    1.00712014    1.00712014
 711    0.80558843    0.29785552    0.96037805    1.00724850    1.00724850
 712    0.81572290    0.29432778    0.95949461    1.00734953    1.00734953
 713    0.82598485    0.29045711    0.95862344    1.00741926    1.00741926
 714    0.83637587    0.28623676    0.95776675    1.00745349    1.00745349
 715    0.84689760    0.28166056    0.95692681    1.00744783    1.00744783
 716    0.85755168    0.27672292    0.95610586    1.00739771    1.00739771
 717    0.86833977    0.27141888    0.95530614    1.00729841    1.00729841
 718    0.87926356    0.26574420    0.95452987    1.00714508    1.00714508
 719    0.89032475    0.25969534    0.95377921    1.00693280    1.00693280
 720    0.90152507    0.25326956    0.95305626    1.00665661    1.00665661
 721    0.91286628    0.24646492    0.95236303    1.00631159    1.00631159
 722    0.92435014    0.23928033    0.95170140    1.00589286    1.00589286
 723    0.93597845    0.23171560    0.95107314    1.00539569    1.00539569
 724    0.94775303    0.22377144    0.95047985    1.00481556    1.00481556
 725    0.95967571    0.21544949    0.94992295    1.00414824    1.00414824
 726    0.97174836    0.20675239    0.94940366    1.00338985    1.00338985
 727    0.98397287    0.19768371    0.94892294    1.00253697    1.00253697
 728    0.99635114    0.18824803    0.94848154    1.00158671    1.00158671
 729    1.00888511    0.17845090    0.94807990    1.00053680    1.00053680
 730    1.02157674    0.16829887    0.94771817    0.99938569    0.99938569
 731    1.03442802    0.15779941    0.94739616    0.99813266    0.99813266
 732    1.04744094    0.14696099    0.94711335    0.99677784    0.99677784
 733    1.06061754    0.13579293    0.94686886    0.99532236    0.99532236
 734    1.07395988    0.12430547    0.94666140    0.99376840    0.99376840
 735    1.08747005    0.11250965    0.94648931    0.99211922    0.99211922
 736    1.10115016    0.10041726    0.94635050    0.99037927    0.99037927
 737    1.11500234    0.08804081    0.94624246    0.98855416    0.98855416
 738    1.12902876    0.07539342    0.94616223    0.98665073    0.98665073
 739    1.14323161    0.06248873    0.94610643    0.98467697    0.98467697
 740    1.15761311    0.04934086    0.94607120    0.98264208    0.98264208
 741    1.17217551    0.03596426    0.94605224    0.98055634    0.98055634
 742    1.18692108    0.02237365    0.94604481    0.97843105    0.97843105
 743    1.20185212    0.00858393    0.94604371    0.97627844    0.97627844
 744    1.21697098   -0.00538994    0.94604327    0.97411152    0.97411152
 745    1.23228001   -0.01953302    0.94603739    0.97194394    0.97194394
 746    1.24778160   -0.03383042    0.94601953    0.96978980    0.96978980
 747    1.26347818   -0.04826741    0.94598274    0.96766349    0.96766349
 748    1.27937219   -0.06282943    0.94591960    0.96557951    0.96557951
 749    1.29546613   -0.07750208    0.94582233    0.96355228    0.96355228
 750    1.31176251   -0.09227113    0.94568271    0.96159601    0.96159601
 751    1.32826386   -0.10712240    0.94549217    0.95972458    0.95972458
 752    1.34497278   -0.12204171    0.94524174    0.95795142    0.95795142
 753    1.36189188   -0.13701466    0.94492213    0.95628966    0.95628966
 754    1.37902379   -0.15202649    0.94452370    0.95475257    0.95475257
 755    1.39637119   -0.16706223    0.94403650    0.95335390    0.95335390
 756    1.41393679   -0.18210689    0.94345033    0.95210748    0.95210748
 757    1.43172334   -0.19714550    0.94275470    0.95102693    0.95102693
 758    1.44973362   -0.21216310    0.94193892    0.95012556    0.95012556
 759    1.46797044   -0.22714479    0.94099211    0.94941628    0.94941628
 760    1.48643666   -0.24207575    0.93990320    0.94891155    0.94891155
 761    1.50513515   -0.25694124    0.93866101    0.94862326    0.94862326
 762    1.52406883   -0.27172664    0.93725428    0.94856268    0.94856268
 763    1.54324068   -0.28641746    0.93567167    0.94874036    0.94874036
 764    1.56265367   -0.30099936    0.93390183    0.94916606    0.94916606
 765    1.58231085   -0.31545820    0.93193341    0.94984866    0.94984866
 766    1.60221529   -0.32977999    0.92975515    0.95079613    0.95079613
 767    1.62237009   -0.34395097    0.92735586    0.95201537    0.95201537
 768    1.64277841   -0.35795763    0.92472449    0.95351225    0.95351225
 769    1.66344344   -0.37178666    0.92185017    0.95529147    0.95529147
 770    1.68436840   -0.38542504    0.91872225    0.95735651    0.95735651
 771    1.70555656   -0.39886001    0.91533032    0.95970963    0.95970963
 772    1.72701124   -0.41207910    0.91166430    0.96235176    0.96235176
 773    1.74873579   -0.42507016    0.90771443    0.96528247    0.96528247
 774    1.77073359   -0.43782133    0.90347131    0.96849996    0.96849996
 775    1.79300810   -0.45032109    0.89892600    0.97200103    0.97200103
 776    1.81556278   -0.46255825    0.89406997    0.97578099    0.97578099
 777    1.83840116   -0.47452197    0.88889522    0.97983375    0.97983375
 778    1.86152682   -0.48620177    0.88339426    0.98415172    0.98415172
 779    1.88494336   -0.49758750    0.87756017    0.98872589    0.98872589
 780    1.90865445   -0.50866943    0.87138663    0.99354577    0.99354577
 781    1.93266378   -0.51943814    0.86486795    0.99859948    0.99859948
 782    1.95697512   -0.52988461    0.85799912    1.00387375    1.00387375
 783    1.98159225   -0.54000019    0.85077580    1.00935399    1.00935399
 784    2.00651903   -0.54977658    0.84319439    1.01502432    1.01502432
 785    2.03175935   -0.55920584    0.83525202    1.02086769    1.02086769
 786    2.05731716   -0.56828036    0.82694663    1.02686594    1.02686594
 787    2.08319644   -0.57699289    0.81827692    1.03299987    1.03299987
 788    2.10940124   -0.58533648    0.80924243    1.03924939    1.03924939
 789    2.13593566   -0.59330446    0.79984354    1.04559354    1.04559354
 790    2.16280384   -0.60089048    0.79008151    1.05201063    1.05201063
 791    2.19000998   -0.60808843    0.77995844    1.05847828    1.05847828
 792    2.21755833   -0.61489244    0.76947738    1.06497347    1.06497347
 793    2.24545320   -0.62129688    0.75864225    1.07147255    1.07147255
 794    2.27369894   -0.62729636    0.74745792    1.07795128    1.07795128
 795    2.30229997   -0.63288569    0.73593019    1.08438475    1.08438475
 796    2.33126075   -0.63805990    0.72406582    1.09074737    1.09074737
 797    2.36058582   -0.64281426    0.71187251    1.09701283    1.09701283
 798    2.39027975   -0.64714427    0.69935893    1.10315401    1.10315401
 799    2.42034719   -0.65104568    0.68653472    1.10914263    1.10914263
 800    2.45079283   -0.65451457    0.67341044    1.11495026    1.11495026
 801    2.48162142   -0.65754723    0.65999765    1.12054758    1.12054758
 802    2.51283779   -0.66014031    0.64630882    1.12590374    1.12590374
 803    2.54444682   -0.66229082    0.63235734    1.13098747    1.13098747
 804    2.57645344   -0.66399613    0.61815754    1.13576683    1.13576683
 805    2.60886265   -0.66525399    0.60372459    1.14020929    1.14020929
 806    2.64167952   -0.66606258    0.58907456    1.14428189    1.14428189
 807    2.67490917   -0.66642050    0.57422430    1.14795139    1.14795139
 808    2.70855681   -0.66632677    0.55919147    1.15118444    1.15118444
 809    2.74262767   -0.66578087    0.54399449    1.15394777    1.15394777
 810    2.77712710   -0.66478274    0.52865246    1.15620832    1.15620832
 811    2.81206048   -0.66333274    0.51318515    1.15793346    1.15793346
 812    2.84743326   -0.66143173    0.49761292    1.15909117    1.15909117
 813    2.88325098   -0.65908099    0.48195669    1.15965017    1.15965017
 814    2.91951923   -0.65628228    0.46623789    1.15958012    1.15958012
 815    2.95624368   -0.65303780    0.45047835    1.15885180    1.15885180
 816    2.99343006   -0.64935019    0.43470030    1.15743722    1.15743722
 817    3.03108419   -0.64522254    0.41892625    1.15530979    1.15530979
 818    3.06921196   -0.64065837    0.40317896    1.15244451    1.15244451
 819    3.10781931   -0.63566161    0.38748135    1.14881803    1.14881803
 820    3.14691228   -0.63023664    0.37185644    1.14440888    1.14440888
 821    3.18649698   -0.62438821    0.35632727    1.13919753    1.13919753
 822    3.22657960   -0.61812150    0.34091682    1.13316654    1.13316654
 823    3.26716639   -0.61144206    0.32564795    1.12630071    1.12630071
 824    3.30826370   -0.60435582    0.31054332    1.11858716    1.11858716
 825    3.34987795   -0.59686908    0.29562528    1.11001544    1.11001544
 826    3.39201565   -0.58898849    0.28091584    1.10057766    1.10057766
 827    3.43468337   -0.58072104    0.26643659    1.09026856    1.09026856
 828    3.47788778   -0.57207405    0.25220858    1.07908560    1.07908560
 829    3.52163564   -0.56305513    0.23825229    1.06702903    1.06702903
 830    3.56593378   -0.55367220    0.22458751    1.05410199    1.05410199
 831    3.61078913   -0.54393347    0.21123333    1.04031051    1.04031051
 832    3.65620868   -0.53384740    0.19820801    1.02566362    1.02566362
 833    3.70219954   -0.52342268    0.18552891    1.01017336    1.01017336
 834    3.74876890   -0.51266824    0.17321249    0.99385480    0.99385480
 835    3.79592402   -0.50159321    0.16127416    0.97672608    0.97672608
 836    3.84367228   -0.49020690    0.14972826    0.95880842    0.95880842
 837    3.89202115   -0.47851878    0.13858798    0.94012609    0.94012609
 838    3.94097816   -0.46653845    0.12786535    0.92070646    0.92070646
 839    3.99055098   -0.45427562    0.11757112    0.90057995    0.90057995
 840    4.04074735   -0.44174008    0.10771474    0.87978001    0.87978001
 841    4.09157512   -0.42894168    0.09830432    0.85834313    0.85834313
 842    4.14304221   -0.41589025    0.08934658    0.83630876    0.83630876
 843    4.19515669   -0.40259563    0.08084679    0.81371927    0.81371927
 844    4.24792668   -0.38906759    0.07280878    0.79061994    0.79061994
 845    4.30136043   -0.37531578    0.06523486    0.76705885    0.76705885
 846    4.35546631   -0.36134971    0.05812581    0.74308680    0.74308680
 847    4.41025274   -0.34717867    0.05148088    0.71875724    0.71875724
 848    4.46572831   -0.33281169    0.04529772    0.69412609    0.69412609
 849    4.52190168   -0.31825747    0.03957241    0.66925161    0.66925161
 850    4.57878162   -0.30352431    0.03429941    0.64419423    0.64419423
 851    4.63637702   -0.28862005    0.02947157    0.61901625    0.61901625
 852    4.69469688   -0.27355197    0.02508013    0.59378163    0.59378163
 853    4.75375031   -0.25832675    0.02111465    0.56855565    0.56855565
 854    4.81354655   -0.24295033    0.01756308    0.54340454    0.54340454
 855    4.87409492   -0.22742787    0.01441170    0.51839505    0.51839505
 856    4.93540491   -0.21176364    0.01164510    0.49359407    0.49359407
 857    4.99748608   -0.19596091    0.00924621    0.46906657    0.46906657
 858    5.06034813   -0.18002201    0.00719622    0.44484357    0.44484357
 859    5.12400089   -0.16395015    0.00547454    0.42071155    0.42071155
 860    5.18845431   -0.14776334    0.00405845    0.39580115    0.39580115
 861    5.25371844   -0.13152595    0.00292237    0.36850587    0.36850587
 862    5.31980350   -0.11537705    0.00203715    0.33709426    0.33709426
 863    5.38671981   -0.09953438    0.00137005    0.30059465    0.30059465
 864    5.45447782   -0.08427326    0.00088582    0.25938038    0.25938038
 865    5.52308813   -0.06989064    0.00054858    0.21521156    0.21521156
 866    5.59256144   -0.05666576    0.00032410    0.17078985    0.17078985
 867    5.66290862   -0.04482620    0.00018186    0.12905105    0.12905105
 868    5.73414066   -0.03452426    0.00009643    0.09246767    0.09246767
 869    5.80626869   -0.02582578    0.00004802    0.06257631    0.06257631
 870    5.87930397   -0.01871080    0.00002229    0.03982668    0.03982668
 871    5.95325793   -0.01308403    0.00000955    0.02372361    0.02372361
 872    6.02814211   -0.00879202    0.00000373    0.01315033    0.01315033
 873    6.10396822   -0.00564358    0.00000130    0.00673679    0.00673679
 874    6.18074811   -0.00343037    0.00000039    0.00316477    0.00316477
 875    6.25849377   -0.00194485    0.00000009    0.00135489    0.00135489
 876    6.33721735   -0.00099317    0.00000001    0.00053333    0.00053333
 877    6.41693114   -0.00040039   -0.00000000    0.00021190    0.00021190
 878    6.49764762   -0.00000000   -0.00000000    0.00003255    0.00003255
 879    6.57937938    0.00000000   -0.00000000   -0.00000000   -0.00000000
 880    6.66213920    0.00000000   -0.00000000   -0.00000000   -0.00000000
 881    6.74594002   -0.00000000   -0.00000000   -0.00000000   -0.00000000
