   1    0.00000000    0.00000000    1.00000000    1.00000000    1.00000000
   2    0.00000142    0.00000061    1.00000000    1.00000000    1.00000000
   3    0.00000285    0.00000122    1.00000000    1.00000000    1.00000000
   4    0.00000431    0.00000185    1.00000000    1.00000000    1.00000000
   5    0.00000578    0.00000248    1.00000000    1.00000000    1.00000000
   6    0.00000727    0.00000312    1.00000000    1.00000000    1.00000000
   7    0.00000878    0.00000376    1.00000000    1.00000000    1.00000000
   8    0.00001030    0.00000442    1.00000000    1.00000000    1.00000000
   9    0.00001185    0.00000508    1.00000000    1.00000000    1.00000000
  10    0.00001342    0.00000575    1.00000000    1.00000000    1.00000000
  11    0.00001500    0.00000643    1.00000000    1.00000000    1.00000000
  12    0.00001661    0.00000712    1.00000000    1.00000000    1.00000000
  13    0.00001823    0.00000782    1.00000000    1.00000000    1.00000000
  14    0.00001988    0.00000852    1.00000000    1.00000000    1.00000000
  15    0.00002155    0.00000924    1.00000000    1.00000000    1.00000000
  16    0.00002324    0.00000996    1.00000000    1.00000000    1.00000000
  17    0.00002495    0.00001070    1.00000000    1.00000000    1.00000000
  18    0.00002668    0.00001144    1.00000000    1.00000000    1.00000000
  19    0.00002843    0.00001219    1.00000000    1.00000000    1.00000000
  20    0.00003020    0.00001295    1.00000000    1.00000000    1.00000000
  21    0.00003200    0.00001372    1.00000000    1.00000000    1.00000000
  22    0.00003382    0.00001450    1.00000000    1.00000000    1.00000000
  23    0.00003566    0.00001529    1.00000000    1.00000000    1.00000000
  24    0.00003753    0.00001609    1.00000000    1.00000000    1.00000000
  25    0.00003942    0.00001690    1.00000000    1.00000000    1.00000000
  26    0.00004133    0.00001772    1.00000000    1.00000000    1.00000000
  27    0.00004327    0.00001855    1.00000000    1.00000000    1.00000000
  28    0.00004523    0.00001939    1.00000000    1.00000000    1.00000000
  29    0.00004722    0.00002024    1.00000000    1.00000000    1.00000000
  30    0.00004923    0.00002111    1.00000000    1.00000000    1.00000000
  31    0.00005126    0.00002198    1.00000000    1.00000000    1.00000000
  32    0.00005333    0.00002286    1.00000000    1.00000000    1.00000000
  33    0.00005541    0.00002376    1.00000000    1.00000000    1.00000000
  34    0.00005753    0.00002467    1.00000000    1.00000000    1.00000000
  35    0.00005967    0.00002558    1.00000000    1.00000000    1.00000000
  36    0.00006184    0.00002651    1.00000000    1.00000000    1.00000000
  37    0.00006403    0.00002745    1.00000000    1.00000000    1.00000000
  38    0.00006625    0.00002841    1.00000000    1.00000000    1.00000000
  39    0.00006851    0.00002937    1.00000000    1.00000000    1.00000000
  40    0.00007078    0.00003035    1.00000000    1.00000000    1.00000000
  41    0.00007309    0.00003134    1.00000000    1.00000000    1.00000000
  42    0.00007543    0.00003234    1.00000000    1.00000000    1.00000000
  43    0.00007779    0.00003335    1.00000000    1.00000000    1.00000000
  44    0.00008019    0.00003438    1.00000000    1.00000000    1.00000000
  45    0.00008262    0.00003542    1.00000000    1.00000000    1.00000000
  46    0.00008507    0.00003647    1.00000000    1.00000000    1.00000000
  47    0.00008756    0.00003754    1.00000000    1.00000000    1.00000000
  48    0.00009008    0.00003862    1.00000000    1.00000000    1.00000000
  49    0.00009263    0.00003971    1.00000000    1.00000000    1.00000000
  50    0.00009521    0.00004082    1.00000000    1.00000000    1.00000000
  51    0.00009783    0.00004194    1.00000000    1.00000000    1.00000000
  52    0.00010047    0.00004308    1.00000000    1.00000000    1.00000000
  53    0.00010315    0.00004423    1.00000000    1.00000000    1.00000000
  54    0.00010587    0.00004539    1.00000000    1.00000000    1.00000000
  55    0.00010862    0.00004657    1.00000000    1.00000000    1.00000000
  56    0.00011140    0.00004776    1.00000000    1.00000000    1.00000000
  57    0.00011422    0.00004897    1.00000000    1.00000000    1.00000000
  58    0.00011707    0.00005020    1.00000000    1.00000000    1.00000000
  59    0.00011996    0.00005143    1.00000000    1.00000000    1.00000000
  60    0.00012289    0.00005269    1.00000000    1.00000000    1.00000000
  61    0.00012585    0.00005396    1.00000000    1.00000000    1.00000000
  62    0.00012885    0.00005525    1.00000000    1.00000000    1.00000000
  63    0.00013189    0.00005655    1.00000000    1.00000000    1.00000000
  64    0.00013497    0.00005787    1.00000000    1.00000000    1.00000000
  65    0.00013808    0.00005920    1.00000000    1.00000000    1.00000000
  66    0.00014124    0.00006055    1.00000000    1.00000000    1.00000000
  67    0.00014443    0.00006192    1.00000000    1.00000000    1.00000000
  68    0.00014766    0.00006331    1.00000000    1.00000000    1.00000000
  69    0.00015094    0.00006471    1.00000000    1.00000000    1.00000000
  70    0.00015425    0.00006614    1.00000000    1.00000000    1.00000000
  71    0.00015761    0.00006758    1.00000000    1.00000000    1.00000000
  72    0.00016101    0.00006903    1.00000000    1.00000000    1.00000000
  73    0.00016445    0.00007051    1.00000000    1.00000000    1.00000000
  74    0.00016794    0.00007200    1.00000000    1.00000000    1.00000000
  75    0.00017147    0.00007352    1.00000000    1.00000000    1.00000000
  76    0.00017504    0.00007505    1.00000000    1.00000000    1.00000000
  77    0.00017866    0.00007660    1.00000000    1.00000000    1.00000000
  78    0.00018233    0.00007817    1.00000000    1.00000000    1.00000000
  79    0.00018604    0.00007976    1.00000000    1.00000000    1.00000000
  80    0.00018980    0.00008137    1.00000000    1.00000000    1.00000000
  81    0.00019360    0.00008301    1.00000000    1.00000000    1.00000000
  82    0.00019745    0.00008466    1.00000000    1.00000000    1.00000000
  83    0.00020135    0.00008633    1.00000000    1.00000000    1.00000000
  84    0.00020530    0.00008802    1.00000000    1.00000000    1.00000000
  85    0.00020930    0.00008974    1.00000000    1.00000000    1.00000000
  86    0.00021335    0.00009147    1.00000000    1.00000000    1.00000000
  87    0.00021745    0.00009323    1.00000000    1.00000000    1.00000000
  88    0.00022161    0.00009501    1.00000000    1.00000000    1.00000000
  89    0.00022581    0.00009682    1.00000000    1.00000000    1.00000000
  90    0.00023007    0.00009864    1.00000000    1.00000000    1.00000000
  91    0.00023438    0.00010049    1.00000000    1.00000000    1.00000000
  92    0.00023874    0.00010236    1.00000000    1.00000000    1.00000000
  93    0.00024316    0.00010426    1.00000000    1.00000000    1.00000000
  94    0.00024764    0.00010618    1.00000000    1.00000000    1.00000000
  95    0.00025217    0.00010812    1.00000000    1.00000000    1.00000000
  96    0.00025676    0.00011009    1.00000000    1.00000000    1.00000000
  97    0.00026141    0.00011208    1.00000000    1.00000000    1.00000000
  98    0.00026611    0.00011410    1.00000000    1.00000000    1.00000000
  99    0.00027088    0.00011614    1.00000000    1.00000000    1.00000000
 100    0.00027570    0.00011821    1.00000000    1.00000000    1.00000000
 101    0.00028059    0.00012030    1.00000000    1.00000000    1.00000000
 102    0.00028553    0.00012242    1.00000000    1.00000000    1.00000000
 103    0.00029054    0.00012457    1.00000000    1.00000000    1.00000000
 104    0.00029562    0.00012674    1.00000000    1.00000000    1.00000000
 105    0.00030075    0.00012895    1.00000000    1.00000000    1.00000000
 106    0.00030595    0.00013118    1.00000000    1.00000000    1.00000000
 107    0.00031122    0.00013343    1.00000000    1.00000000    1.00000000
 108    0.00031655    0.00013572    1.00000000    1.00000000    1.00000000
 109    0.00032195    0.00013803    1.00000000    1.00000000    1.00000000
 110    0.00032741    0.00014038    1.00000000    1.00000000    1.00000000
 111    0.00033295    0.00014275    1.00000000    1.00000000    1.00000000
 112    0.00033856    0.00014516    1.00000000    1.00000000    1.00000000
 113    0.00034423    0.00014759    1.00000000    1.00000000    1.00000000
 114    0.00034998    0.00015005    1.00000000    1.00000000    1.00000000
 115    0.00035580    0.00015255    1.00000000    1.00000000    1.00000000
 116    0.00036169    0.00015507    1.00000000    1.00000000    1.00000000
 117    0.00036766    0.00015763    1.00000000    1.00000000    1.00000000
 118    0.00037370    0.00016022    1.00000000    1.00000000    1.00000000
 119    0.00037982    0.00016285    1.00000000    1.00000000    1.00000000
 120    0.00038601    0.00016550    1.00000000    1.00000000    1.00000000
 121    0.00039228    0.00016819    1.00000000    1.00000000    1.00000000
 122    0.00039864    0.00017091    1.00000000    1.00000000    1.00000000
 123    0.00040507    0.00017367    1.00000000    1.00000000    1.00000000
 124    0.00041158    0.00017646    1.00000000    1.00000000    1.00000000
 125    0.00041817    0.00017929    1.00000000    1.00000000    1.00000000
 126    0.00042485    0.00018215    1.00000000    1.00000000    1.00000000
 127    0.00043161    0.00018505    1.00000000    1.00000000    1.00000000
 128    0.00043846    0.00018799    1.00000000    1.00000000    1.00000000
 129    0.00044539    0.00019096    1.00000000    1.00000000    1.00000000
 130    0.00045241    0.00019397    1.00000000    1.00000000    1.00000000
 131    0.00045952    0.00019702    1.00000000    1.00000000    1.00000000
 132    0.00046671    0.00020010    1.00000000    1.00000000    1.00000000
 133    0.00047400    0.00020323    1.00000000    1.00000000    1.00000000
 134    0.00048138    0.00020639    1.00000000    1.00000000    1.00000000
 135    0.00048885    0.00020960    1.00000000    1.00000000    1.00000000
 136    0.00049642    0.00021284    1.00000000    1.00000000    1.00000000
 137    0.00050408    0.00021612    1.00000000    1.00000000    1.00000000
 138    0.00051184    0.00021945    1.00000000    1.00000000    1.00000000
 139    0.00051970    0.00022282    1.00000000    1.00000000    1.00000000
 140    0.00052765    0.00022623    1.00000000    1.00000000    1.00000000
 141    0.00053570    0.00022968    1.00000000    1.00000000    1.00000000
 142    0.00054386    0.00023318    1.00000000    1.00000000    1.00000000
 143    0.00055212    0.00023672    1.00000000    1.00000000    1.00000000
 144    0.00056048    0.00024031    1.00000000    1.00000000    1.00000000
 145    0.00056895    0.00024394    1.00000000    1.00000000    1.00000000
 146    0.00057752    0.00024761    1.00000000    1.00000000    1.00000000
 147    0.00058620    0.00025133    1.00000000    1.00000000    1.00000000
 148    0.00059499    0.00025510    1.00000000    1.00000000    1.00000000
 149    0.00060389    0.00025892    1.00000000    1.00000000    1.00000000
 150    0.00061291    0.00026278    1.00000000    1.00000000    1.00000000
 151    0.00062203    0.00026670    1.00000000    1.00000000    1.00000000
 152    0.00063128    0.00027066    1.00000000    1.00000000    1.00000000
 153    0.00064063    0.00027467    1.00000000    1.00000000    1.00000000
 154    0.00065011    0.00027873    1.00000000    1.00000000    1.00000000
 155    0.00065970    0.00028285    1.00000000    1.00000000    1.00000000
 156    0.00066942    0.00028701    1.00000000    1.00000000    1.00000000
 157    0.00067926    0.00029123    1.00000000    1.00000000    1.00000000
 158    0.00068922    0.00029550    1.00000000    1.00000000    1.00000000
 159    0.00069930    0.00029983    1.00000000    1.00000000    1.00000000
 160    0.00070952    0.00030420    1.00000000    1.00000000    1.00000000
 161    0.00071986    0.00030864    1.00000000    1.00000000    1.00000000
 162    0.00073033    0.00031313    1.00000000    1.00000000    1.00000000
 163    0.00074093    0.00031768    1.00000000    1.00000000    1.00000000
 164    0.00075167    0.00032228    1.00000000    1.00000000    1.00000000
 165    0.00076254    0.00032694    1.00000000    1.00000000    1.00000000
 166    0.00077355    0.00033166    1.00000000    1.00000000    1.00000000
 167    0.00078470    0.00033644    1.00000000    1.00000000    1.00000000
 168    0.00079599    0.00034128    1.00000000    1.00000000    1.00000000
 169    0.00080742    0.00034618    1.00000000    1.00000000    1.00000000
 170    0.00081899    0.00035114    1.00000000    1.00000000    1.00000000
 171    0.00083071    0.00035617    1.00000000    1.00000000    1.00000000
 172    0.00084257    0.00036125    1.00000000    1.00000000    1.00000000
 173    0.00085459    0.00036641    1.00000000    1.00000000    1.00000000
 174    0.00086676    0.00037162    1.00000000    1.00000000    1.00000000
 175    0.00087908    0.00037690    1.00000000    1.00000000    1.00000000
 176    0.00089155    0.00038225    1.00000000    1.00000000    1.00000000
 177    0.00090418    0.00038767    1.00000000    1.00000000    1.00000000
 178    0.00091697    0.00039315    1.00000000    1.00000000    1.00000000
 179    0.00092992    0.00039871    1.00000000    1.00000000    1.00000000
 180    0.00094304    0.00040433    1.00000000    1.00000000    1.00000000
 181    0.00095632    0.00041002    1.00000000    1.00000000    1.00000000
 182    0.00096976    0.00041579    1.00000000    1.00000000    1.00000000
 183    0.00098338    0.00042162    1.00000000    1.00000000    1.00000000
 184    0.00099717    0.00042754    1.00000000    1.00000000    1.00000000
 185    0.00101113    0.00043352    1.00000000    1.00000000    1.00000000
 186    0.00102526    0.00043958    1.00000000    1.00000000    1.00000000
 187    0.00103958    0.00044572    1.00000000    1.00000000    1.00000000
 188    0.00105407    0.00045193    1.00000000    1.00000000    1.00000000
 189    0.00106874    0.00045822    1.00000000    1.00000000    1.00000000
 190    0.00108360    0.00046460    1.00000000    1.00000000    1.00000000
 191    0.00109865    0.00047105    1.00000000    1.00000000    1.00000000
 192    0.00111389    0.00047758    1.00000000    1.00000000    1.00000000
 193    0.00112932    0.00048419    1.00000000    1.00000000    1.00000000
 194    0.00114494    0.00049089    1.00000000    1.00000000    1.00000000
 195    0.00116076    0.00049768    1.00000000    1.00000000    1.00000000
 196    0.00117678    0.00050454    1.00000000    1.00000000    1.00000000
 197    0.00119299    0.00051150    1.00000000    1.00000000    1.00000000
 198    0.00120942    0.00051854    1.00000000    1.00000000    1.00000000
 199    0.00122605    0.00052567    1.00000000    1.00000000    1.00000000
 200    0.00124289    0.00053289    1.00000000    1.00000000    1.00000000
 201    0.00125994    0.00054020    1.00000000    1.00000000    1.00000000
 202    0.00127720    0.00054760    1.00000000    1.00000000    1.00000000
 203    0.00129469    0.00055510    1.00000000    1.00000000    1.00000000
 204    0.00131239    0.00056269    1.00000000    1.00000000    1.00000000
 205    0.00133031    0.00057037    1.00000000    1.00000000    1.00000000
 206    0.00134846    0.00057815    1.00000000    1.00000000    1.00000000
 207    0.00136684    0.00058603    1.00000000    1.00000000    1.00000000
 208    0.00138545    0.00059401    1.00000000    1.00000000    1.00000000
 209    0.00140430    0.00060209    1.00000000    1.00000000    1.00000000
 210    0.00142338    0.00061027    1.00000000    1.00000000    1.00000000
 211    0.00144270    0.00061856    1.00000000    1.00000000    1.00000000
 212    0.00146226    0.00062695    1.00000000    1.00000000    1.00000000
 213    0.00148207    0.00063544    1.00000000    1.00000000    1.00000000
 214    0.00150213    0.00064404    1.00000000    1.00000000    1.00000000
 215    0.00152244    0.00065275    1.00000000    1.00000000    1.00000000
 216    0.00154301    0.00066157    1.00000000    1.00000000    1.00000000
 217    0.00156384    0.00067050    1.00000000    1.00000000    1.00000000
 218    0.00158492    0.00067954    1.00000000    1.00000000    1.00000000
 219    0.00160628    0.00068869    1.00000000    1.00000000    1.00000000
 220    0.00162790    0.00069796    1.00000000    1.00000000    1.00000000
 221    0.00164979    0.00070735    1.00000000    1.00000000    1.00000000
 222    0.00167196    0.00071686    1.00000000    1.00000000    1.00000000
 223    0.00169441    0.00072648    1.00000000    1.00000000    1.00000000
 224    0.00171714    0.00073623    1.00000000    1.00000000    1.00000000
 225    0.00174016    0.00074610    1.00000000    1.00000000    1.00000000
 226    0.00176346    0.00075609    1.00000000    1.00000000    1.00000000
 227    0.00178706    0.00076621    1.00000000    1.00000000    1.00000000
 228    0.00181096    0.00077645    1.00000000    1.00000000    1.00000000
 229    0.00183515    0.00078683    1.00000000    1.00000000    1.00000000
 230    0.00185965    0.00079733    1.00000000    1.00000000    1.00000000
 231    0.00188446    0.00080797    1.00000000    1.00000000    1.00000000
 232    0.00190958    0.00081874    1.00000000    1.00000000    1.00000000
 233    0.00193502    0.00082965    1.00000000    1.00000000    1.00000000
 234    0.00196078    0.00084069    1.00000000    1.00000000    1.00000000
 235    0.00198686    0.00085187    1.00000000    1.00000000    1.00000000
 236    0.00201327    0.00086319    1.00000000    1.00000000    1.00000000
 237    0.00204001    0.00087466    1.00000000    1.00000000    1.00000000
 238    0.00206709    0.00088627    1.00000000    1.00000000    1.00000000
 239    0.00209450    0.00089803    1.00000000    1.00000000    1.00000000
 240    0.00212227    0.00090993    1.00000000    1.00000000    1.00000000
 241    0.00215038    0.00092198    1.00000000    1.00000000    1.00000000
 242    0.00217884    0.00093419    1.00000000    1.00000000    1.00000000
 243    0.00220767    0.00094655    1.00000000    1.00000000    1.00000000
 244    0.00223685    0.00095906    1.00000000    1.00000000    1.00000000
 245    0.00226641    0.00097173    1.00000000    1.00000000    1.00000000
 246    0.00229633    0.00098456    1.00000000    1.00000000    1.00000000
 247    0.00232663    0.00099755    1.00000000    1.00000000    1.00000000
 248    0.00235732    0.00101071    1.00000000    1.00000000    1.00000000
 249    0.00238838    0.00102403    1.00000000    1.00000000    1.00000000
 250    0.00241984    0.00103752    1.00000000    1.00000000    1.00000000
 251    0.00245170    0.00105118    1.00000000    1.00000000    1.00000000
 252    0.00248396    0.00106501    1.00000000    1.00000000    1.00000000
 253    0.00251662    0.00107901    1.00000000    1.00000000    1.00000000
 254    0.00254969    0.00109319    1.00000000    1.00000000    1.00000000
 255    0.00258318    0.00110755    1.00000000    1.00000000    1.00000000
 256    0.00261709    0.00112209    1.00000000    1.00000000    1.00000000
 257    0.00265142    0.00113681    1.00000000    1.00000000    1.00000000
 258    0.00268619    0.00115172    1.00000000    1.00000000    1.00000000
 259    0.00272140    0.00116682    1.00000000    1.00000000    1.00000000
 260    0.00275704    0.00118210    1.00000000    1.00000000    1.00000000
 261    0.00279314    0.00119758    1.00000000    1.00000000    1.00000000
 262    0.00282969    0.00121325    1.00000000    1.00000000    1.00000000
 263    0.00286670    0.00122912    1.00000000    1.00000000    1.00000000
 264    0.00290418    0.00124519    1.00000000    1.00000000    1.00000000
 265    0.00294213    0.00126146    1.00000000    1.00000000    1.00000000
 266    0.00298055    0.00127794    1.00000000    1.00000000    1.00000000
 267    0.00301946    0.00129462    1.00000000    1.00000000    1.00000000
 268    0.00305886    0.00131151    1.00000000    1.00000000    1.00000000
 269    0.00309875    0.00132862    1.00000000    1.00000000    1.00000000
 270    0.00313914    0.00134594    1.00000000    1.00000000    1.00000000
 271    0.00318005    0.00136347    1.00000000    1.00000000    1.00000000
 272    0.00322146    0.00138123    1.00000000    1.00000000    1.00000000
 273    0.00326340    0.00139922    1.00000000    1.00000000    1.00000000
 274    0.00330587    0.00141742    1.00000000    1.00000000    1.00000000
 275    0.00334887    0.00143586    1.00000000    1.00000000    1.00000000
 276    0.00339241    0.00145453    1.00000000    1.00000000    1.00000000
 277    0.00343650    0.00147344    1.00000000    1.00000000    1.00000000
 278    0.00348114    0.00149258    1.00000000    1.00000000    1.00000000
 279    0.00352634    0.00151196    1.00000000    1.00000000    1.00000000
 280    0.00357212    0.00153159    1.00000000    1.00000000    1.00000000
 281    0.00361847    0.00155146    1.00000000    1.00000000    1.00000000
 282    0.00366540    0.00157159    1.00000000    1.00000000    1.00000000
 283    0.00371292    0.00159196    1.00000000    1.00000000    1.00000000
 284    0.00376104    0.00161260    1.00000000    1.00000000    1.00000000
 285    0.00380977    0.00163349    1.00000000    1.00000000    1.00000000
 286    0.00385910    0.00165465    1.00000000    1.00000000    1.00000000
 287    0.00390906    0.00167607    1.00000000    1.00000000    1.00000000
 288    0.00395965    0.00169776    1.00000000    1.00000000    1.00000000
 289    0.00401087    0.00171972    1.00000000    1.00000000    1.00000000
 290    0.00406274    0.00174197    1.00000000    1.00000000    1.00000000
 291    0.00411526    0.00176449    1.00000000    1.00000000    1.00000000
 292    0.00416844    0.00178729    1.00000000    1.00000000    1.00000000
 293    0.00422229    0.00181038    1.00000000    1.00000000    1.00000000
 294    0.00427682    0.00183376    1.00000000    1.00000000    1.00000000
 295    0.00433203    0.00185744    0.99999999    1.00000000    1.00000000
 296    0.00438794    0.00188141    0.99999999    1.00000000    1.00000000
 297    0.00444455    0.00190569    0.99999999    1.00000000    1.00000000
 298    0.00450187    0.00193027    0.99999999    1.00000000    1.00000000
 299    0.00455992    0.00195516    0.99999999    1.00000000    1.00000000
 300    0.00461869    0.00198036    0.99999999    1.00000000    1.00000000
 301    0.00467820    0.00200588    0.99999999    1.00000000    1.00000000
 302    0.00473847    0.00203172    0.99999999    1.00000000    1.00000000
 303    0.00479948    0.00205789    0.99999999    1.00000000    1.00000000
 304    0.00486127    0.00208438    0.99999999    1.00000000    1.00000000
 305    0.00492384    0.00211121    0.99999999    1.00000000    1.00000000
 306    0.00498719    0.00213838    0.99999999    1.00000000    1.00000000
 307    0.00505134    0.00216589    0.99999999    1.00000000    1.00000000
 308    0.00511629    0.00219374    0.99999999    1.00000000    1.00000000
 309    0.00518206    0.00222195    0.99999999    1.00000000    1.00000000
 310    0.00524866    0.00225051    0.99999999    1.00000000    1.00000000
 311    0.00531610    0.00227943    0.99999999    1.00000000    1.00000000
 312    0.00538439    0.00230871    0.99999999    1.00000000    1.00000000
 313    0.00545353    0.00233836    0.99999999    1.00000000    1.00000000
 314    0.00552354    0.00236839    0.99999999    1.00000000    1.00000000
 315    0.00559444    0.00239879    0.99999999    1.00000000    1.00000000
 316    0.00566623    0.00242958    0.99999999    1.00000000    1.00000000
 317    0.00573892    0.00246075    0.99999999    1.00000000    1.00000000
 318    0.00581252    0.00249232    0.99999999    1.00000000    1.00000000
 319    0.00588705    0.00252428    0.99999999    1.00000000    1.00000000
 320    0.00596252    0.00255664    0.99999999    1.00000000    1.00000000
 321    0.00603893    0.00258941    0.99999999    1.00000000    1.00000000
 322    0.00611631    0.00262260    0.99999999    1.00000000    1.00000000
 323    0.00619466    0.00265620    0.99999999    1.00000000    1.00000000
 324    0.00627400    0.00269023    0.99999998    1.00000000    1.00000000
 325    0.00635433    0.00272468    0.99999998    1.00000000    1.00000000
 326    0.00643568    0.00275957    0.99999998    1.00000000    1.00000000
 327    0.00651805    0.00279489    0.99999998    1.00000000    1.00000000
 328    0.00660145    0.00283066    0.99999998    1.00000000    1.00000000
 329    0.00668590    0.00286688    0.99999998    1.00000000    1.00000000
 330    0.00677142    0.00290356    0.99999998    1.00000000    1.00000000
 331    0.00685801    0.00294070    0.99999998    1.00000000    1.00000000
 332    0.00694569    0.00297830    0.99999998    1.00000000    1.00000000
 333    0.00703447    0.00301638    0.99999998    1.00000000    1.00000000
 334    0.00712437    0.00305494    0.99999998    1.00000000    1.00000000
 335    0.00721540    0.00309399    0.99999998    1.00000000    1.00000000
 336    0.00730758    0.00313352    0.99999998    1.00000000    1.00000000
 337    0.00740092    0.00317356    0.99999997    1.00000000    1.00000000
 338    0.00749542    0.00321409    0.99999997    1.00000000    1.00000000
 339    0.00759112    0.00325514    0.99999997    1.00000000    1.00000000
 340    0.00768802    0.00329670    0.99999997    1.00000000    1.00000000
 341    0.00778615    0.00333879    0.99999997    1.00000000    1.00000000
 342    0.00788550    0.00338141    0.99999997    1.00000000    1.00000000
 343    0.00798610    0.00342456    0.99999997    1.00000000    1.00000000
 344    0.00808797    0.00346826    0.99999997    1.00000000    1.00000000
 345    0.00819113    0.00351251    0.99999997    1.00000000    1.00000000
 346    0.00829557    0.00355731    0.99999996    1.00000000    1.00000000
 347    0.00840134    0.00360268    0.99999996    1.00000000    1.00000000
 348    0.00850843    0.00364862    0.99999996    1.00000000    1.00000000
 349    0.00861687    0.00369514    0.99999996    1.00000000    1.00000000
 350    0.00872667    0.00374224    0.99999996    1.00000000    1.00000000
 351    0.00883786    0.00378994    0.99999996    1.00000000    1.00000000
 352    0.00895044    0.00383824    0.99999996    1.00000000    1.00000000
 353    0.00906444    0.00388714    0.99999995    1.00000000    1.00000000
 354    0.00917988    0.00393666    0.99999995    1.00000000    1.00000000
 355    0.00929676    0.00398681    0.99999995    1.00000000    1.00000000
 356    0.00941512    0.00403759    0.99999995    1.00000000    1.00000000
 357    0.00953496    0.00408900    0.99999995    1.00000000    1.00000000
 358    0.00965632    0.00414107    0.99999994    1.00000000    1.00000000
 359    0.00977920    0.00419379    0.99999994    1.00000000    1.00000000
 360    0.00990362    0.00424717    0.99999994    1.00000000    1.00000000
 361    0.01002961    0.00430123    0.99999994    1.00000000    1.00000000
 362    0.01015718    0.00435597    0.99999993    1.00000000    1.00000000
 363    0.01028636    0.00441140    0.99999993    1.00000000    1.00000000
 364    0.01041717    0.00446752    0.99999993    1.00000000    1.00000000
 365    0.01054962    0.00452435    0.99999993    1.00000000    1.00000000
 366    0.01068373    0.00458190    0.99999992    1.00000000    1.00000000
 367    0.01081953    0.00464018    0.99999992    1.00000000    1.00000000
 368    0.01095704    0.00469918    0.99999992    1.00000000    1.00000000
 369    0.01109628    0.00475894    0.99999991    1.00000000    1.00000000
 370    0.01123727    0.00481944    0.99999991    1.00000000    1.00000000
 371    0.01138004    0.00488071    0.99999991    1.00000000    1.00000000
 372    0.01152460    0.00494275    0.99999990    1.00000000    1.00000000
 373    0.01167098    0.00500557    0.99999990    1.00000000    1.00000000
 374    0.01181920    0.00506918    0.99999990    1.00000000    1.00000000
 375    0.01196928    0.00513359    0.99999989    1.00000000    1.00000000
 376    0.01212125    0.00519882    0.99999989    1.00000000    1.00000000
 377    0.01227514    0.00526487    0.99999988    1.00000000    1.00000000
 378    0.01243096    0.00533175    0.99999988    1.00000000    1.00000000
 379    0.01258874    0.00539947    0.99999988    1.00000000    1.00000000
 380    0.01274850    0.00546805    0.99999987    1.00000000    1.00000000
 381    0.01291027    0.00553750    0.99999987    1.00000000    1.00000000
 382    0.01307408    0.00560781    0.99999986    1.00000000    1.00000000
 383    0.01323995    0.00567902    0.99999986    1.00000000    1.00000000
 384    0.01340791    0.00575112    0.99999985    1.00000000    1.00000000
 385    0.01357798    0.00582414    0.99999984    1.00000000    1.00000000
 386    0.01375018    0.00589807    0.99999984    1.00000000    1.00000000
 387    0.01392456    0.00597294    0.99999983    1.00000000    1.00000000
 388    0.01410112    0.00604875    0.99999982    1.00000000    1.00000000
 389    0.01427991    0.00612551    0.99999982    1.00000000    1.00000000
 390    0.01446095    0.00620325    0.99999981    1.00000000    1.00000000
 391    0.01464426    0.00628196    0.99999980    1.00000000    1.00000000
 392    0.01482988    0.00636167    0.99999980    1.00000000    1.00000000
 393    0.01501783    0.00644239    0.99999979    1.00000000    1.00000000
 394    0.01520815    0.00652412    0.99999978    1.00000000    1.00000000
 395    0.01540086    0.00660689    0.99999977    1.00000000    1.00000000
 396    0.01559600    0.00669070    0.99999976    1.00000000    1.00000000
 397    0.01579359    0.00677557    0.99999975    1.00000000    1.00000000
 398    0.01599367    0.00686150    0.99999974    1.00000000    1.00000000
 399    0.01619626    0.00694853    0.99999973    1.00000000    1.00000000
 400    0.01640140    0.00703665    0.99999972    0.99999999    0.99999999
 401    0.01660912    0.00712589    0.99999971    0.99999999    0.99999999
 402    0.01681946    0.00721625    0.99999970    0.99999999    0.99999999
 403    0.01703244    0.00730776    0.99999969    0.99999999    0.99999999
 404    0.01724810    0.00740042    0.99999968    0.99999999    0.99999999
 405    0.01746647    0.00749425    0.99999967    0.99999999    0.99999999
 406    0.01768759    0.00758926    0.99999965    0.99999999    0.99999999
 407    0.01791148    0.00768548    0.99999964    0.99999999    0.99999999
 408    0.01813820    0.00778291    0.99999963    0.99999999    0.99999999
 409    0.01836777    0.00788158    0.99999961    0.99999999    0.99999999
 410    0.01860022    0.00798149    0.99999960    0.99999999    0.99999999
 411    0.01883560    0.00808266    0.99999958    0.99999999    0.99999999
 412    0.01907394    0.00818512    0.99999957    0.99999999    0.99999999
 413    0.01931528    0.00828887    0.99999955    0.99999999    0.99999999
 414    0.01955965    0.00839393    0.99999953    0.99999999    0.99999999
 415    0.01980710    0.00850032    0.99999951    0.99999999    0.99999999
 416    0.02005766    0.00860805    0.99999950    0.99999999    0.99999999
 417    0.02031137    0.00871715    0.99999948    0.99999999    0.99999999
 418    0.02056828    0.00882763    0.99999946    0.99999999    0.99999999
 419    0.02082841    0.00893951    0.99999944    0.99999999    0.99999999
 420    0.02109182    0.00905280    0.99999941    0.99999999    0.99999999
 421    0.02135854    0.00916753    0.99999939    0.99999999    0.99999999
 422    0.02162861    0.00928371    0.99999937    0.99999999    0.99999999
 423    0.02190208    0.00940137    0.99999934    0.99999999    0.99999999
 424    0.02217899    0.00952051    0.99999932    0.99999999    0.99999999
 425    0.02245939    0.00964116    0.99999929    0.99999999    0.99999999
 426    0.02274331    0.00976334    0.99999926    0.99999999    0.99999999
 427    0.02303080    0.00988707    0.99999924    0.99999999    0.99999999
 428    0.02332191    0.01001237    0.99999921    0.99999999    0.99999999
 429    0.02361668    0.01013925    0.99999918    0.99999998    0.99999998
 430    0.02391516    0.01026775    0.99999914    0.99999998    0.99999998
 431    0.02421739    0.01039787    0.99999911    0.99999998    0.99999998
 432    0.02452343    0.01052965    0.99999908    0.99999998    0.99999998
 433    0.02483331    0.01066310    0.99999904    0.99999998    0.99999998
 434    0.02514709    0.01079824    0.99999901    0.99999998    0.99999998
 435    0.02546482    0.01093509    0.99999897    0.99999998    0.99999998
 436    0.02578655    0.01107369    0.99999893    0.99999998    0.99999998
 437    0.02611232    0.01121404    0.99999889    0.99999998    0.99999998
 438    0.02644219    0.01135618    0.99999884    0.99999998    0.99999998
 439    0.02677621    0.01150012    0.99999880    0.99999998    0.99999998
 440    0.02711443    0.01164589    0.99999875    0.99999998    0.99999998
 441    0.02745690    0.01179352    0.99999870    0.99999998    0.99999998
 442    0.02780369    0.01194302    0.99999865    0.99999997    0.99999997
 443    0.02815483    0.01209442    0.99999860    0.99999997    0.99999997
 444    0.02851039    0.01224775    0.99999855    0.99999997    0.99999997
 445    0.02887043    0.01240303    0.99999849    0.99999997    0.99999997
 446    0.02923499    0.01256029    0.99999844    0.99999997    0.99999997
 447    0.02960414    0.01271955    0.99999838    0.99999997    0.99999997
 448    0.02997793    0.01288084    0.99999831    0.99999997    0.99999997
 449    0.03035642    0.01304418    0.99999825    0.99999997    0.99999997
 450    0.03073968    0.01320961    0.99999818    0.99999997    0.99999997
 451    0.03112775    0.01337714    0.99999811    0.99999996    0.99999996
 452    0.03152071    0.01354682    0.99999804    0.99999996    0.99999996
 453    0.03191861    0.01371865    0.99999796    0.99999996    0.99999996
 454    0.03232151    0.01389268    0.99999789    0.99999996    0.99999996
 455    0.03272948    0.01406893    0.99999780    0.99999996    0.99999996
 456    0.03314259    0.01424744    0.99999772    0.99999996    0.99999996
 457    0.03356088    0.01442822    0.99999763    0.99999996    0.99999996
 458    0.03398445    0.01461131    0.99999754    0.99999995    0.99999995
 459    0.03441334    0.01479675    0.99999745    0.99999995    0.99999995
 460    0.03484762    0.01498455    0.99999735    0.99999995    0.99999995
 461    0.03528737    0.01517476    0.99999725    0.99999995    0.99999995
 462    0.03573264    0.01536741    0.99999714    0.99999995    0.99999995
 463    0.03618352    0.01556252    0.99999703    0.99999994    0.99999994
 464    0.03664007    0.01576014    0.99999692    0.99999994    0.99999994
 465    0.03710236    0.01596028    0.99999680    0.99999994    0.99999994
 466    0.03757047    0.01616300    0.99999668    0.99999994    0.99999994
 467    0.03804447    0.01636831    0.99999655    0.99999994    0.99999994
 468    0.03852442    0.01657626    0.99999641    0.99999993    0.99999993
 469    0.03901042    0.01678688    0.99999628    0.99999993    0.99999993
 470    0.03950253    0.01700021    0.99999613    0.99999993    0.99999993
 471    0.04000083    0.01721628    0.99999599    0.99999993    0.99999993
 472    0.04050539    0.01743513    0.99999583    0.99999992    0.99999992
 473    0.04101630    0.01765680    0.99999567    0.99999992    0.99999992
 474    0.04153364    0.01788132    0.99999550    0.99999992    0.99999992
 475    0.04205749    0.01810874    0.99999533    0.99999991    0.99999991
 476    0.04258792    0.01833909    0.99999515    0.99999991    0.99999991
 477    0.04312503    0.01857241    0.99999497    0.99999991    0.99999991
 478    0.04366889    0.01880874    0.99999477    0.99999990    0.99999990
 479    0.04421960    0.01904812    0.99999457    0.99999990    0.99999990
 480    0.04477723    0.01929060    0.99999436    0.99999990    0.99999990
 481    0.04534187    0.01953621    0.99999415    0.99999989    0.99999989
 482    0.04591362    0.01978501    0.99999392    0.99999989    0.99999989
 483    0.04649256    0.02003702    0.99999369    0.99999988    0.99999988
 484    0.04707878    0.02029231    0.99999344    0.99999988    0.99999988
 485    0.04767238    0.02055090    0.99999319    0.99999987    0.99999987
 486    0.04827344    0.02081285    0.99999293    0.99999987    0.99999987
 487    0.04888206    0.02107820    0.99999266    0.99999986    0.99999986
 488    0.04949834    0.02134700    0.99999237    0.99999986    0.99999986
 489    0.05012237    0.02161930    0.99999208    0.99999985    0.99999985
 490    0.05075425    0.02189515    0.99999178    0.99999985    0.99999985
 491    0.05139408    0.02217458    0.99999146    0.99999984    0.99999984
 492    0.05204195    0.02245767    0.99999113    0.99999983    0.99999983
 493    0.05269798    0.02274444    0.99999079    0.99999983    0.99999983
 494    0.05336225    0.02303497    0.99999043    0.99999982    0.99999982
 495    0.05403488    0.02332929    0.99999007    0.99999981    0.99999981
 496    0.05471598    0.02362747    0.99998968    0.99999981    0.99999981
 497    0.05540564    0.02392955    0.99998929    0.99999980    0.99999980
 498    0.05610397    0.02423559    0.99998887    0.99999979    0.99999979
 499    0.05681109    0.02454565    0.99998844    0.99999978    0.99999978
 500    0.05752710    0.02485978    0.99998800    0.99999978    0.99999978
 501    0.05825212    0.02517804    0.99998754    0.99999977    0.99999977
 502    0.05898626    0.02550050    0.99998706    0.99999976    0.99999976
 503    0.05972963    0.02582720    0.99998656    0.99999975    0.99999975
 504    0.06048236    0.02615821    0.99998604    0.99999974    0.99999974
 505    0.06124455    0.02649360    0.99998550    0.99999973    0.99999973
 506    0.06201633    0.02683342    0.99998494    0.99999972    0.99999972
 507    0.06279781    0.02717774    0.99998436    0.99999971    0.99999971
 508    0.06358913    0.02752662    0.99998376    0.99999970    0.99999970
 509    0.06439040    0.02788013    0.99998313    0.99999969    0.99999969
 510    0.06520175    0.02823834    0.99998248    0.99999967    0.99999967
 511    0.06602330    0.02860131    0.99998180    0.99999966    0.99999966
 512    0.06685519    0.02896911    0.99998110    0.99999965    0.99999965
 513    0.06769754    0.02934183    0.99998037    0.99999963    0.99999963
 514    0.06855049    0.02971951    0.99997961    0.99999962    0.99999962
 515    0.06941417    0.03010225    0.99997883    0.99999961    0.99999961
 516    0.07028871    0.03049012    0.99997801    0.99999959    0.99999959
 517    0.07117425    0.03088318    0.99997716    0.99999957    0.99999957
 518    0.07207093    0.03128152    0.99997627    0.99999956    0.99999956
 519    0.07297888    0.03168522    0.99997536    0.99999954    0.99999954
 520    0.07389826    0.03209436    0.99997440    0.99999952    0.99999952
 521    0.07482921    0.03250901    0.99997341    0.99999950    0.99999950
 522    0.07577186    0.03292927    0.99997239    0.99999949    0.99999949
 523    0.07672637    0.03335521    0.99997132    0.99999947    0.99999947
 524    0.07769288    0.03378692    0.99997021    0.99999945    0.99999945
 525    0.07867156    0.03422449    0.99996905    0.99999942    0.99999942
 526    0.07966254    0.03466801    0.99996785    0.99999940    0.99999940
 527    0.08066599    0.03511757    0.99996661    0.99999938    0.99999938
 528    0.08168206    0.03557326    0.99996532    0.99999935    0.99999935
 529    0.08271091    0.03603518    0.99996397    0.99999933    0.99999933
 530    0.08375270    0.03650342    0.99996257    0.99999930    0.99999930
 531    0.08480760    0.03697809    0.99996112    0.99999928    0.99999928
 532    0.08587577    0.03745927    0.99995961    0.99999925    0.99999925
 533    0.08695737    0.03794708    0.99995805    0.99999922    0.99999922
 534    0.08805257    0.03844161    0.99995642    0.99999919    0.99999919
 535    0.08916156    0.03894298    0.99995473    0.99999916    0.99999916
 536    0.09028449    0.03945129    0.99995297    0.99999913    0.99999913
 537    0.09142154    0.03996664    0.99995114    0.99999909    0.99999909
 538    0.09257290    0.04048916    0.99994924    0.99999906    0.99999906
 539    0.09373874    0.04101896    0.99994727    0.99999902    0.99999902
 540    0.09491925    0.04155615    0.99994522    0.99999898    0.99999898
 541    0.09611460    0.04210085    0.99994308    0.99999894    0.99999894
 542    0.09732499    0.04265319    0.99994087    0.99999890    0.99999890
 543    0.09855061    0.04321328    0.99993856    0.99999886    0.99999886
 544    0.09979164    0.04378126    0.99993617    0.99999882    0.99999882
 545    0.10104828    0.04435725    0.99993368    0.99999877    0.99999877
 546    0.10232073    0.04494138    0.99993110    0.99999872    0.99999872
 547    0.10360918    0.04553379    0.99992841    0.99999868    0.99999868
 548    0.10491384    0.04613461    0.99992561    0.99999862    0.99999862
 549    0.10623491    0.04674398    0.99992271    0.99999857    0.99999857
 550    0.10757260    0.04736205    0.99991969    0.99999852    0.99999852
 551    0.10892712    0.04798896    0.99991655    0.99999846    0.99999846
 552    0.11029867    0.04862486    0.99991329    0.99999840    0.99999840
 553    0.11168747    0.04926990    0.99990990    0.99999834    0.99999834
 554    0.11309374    0.04992423    0.99990637    0.99999828    0.99999828
 555    0.11451770    0.05058801    0.99990270    0.99999821    0.99999821
 556    0.11595958    0.05126141    0.99989889    0.99999814    0.99999814
 557    0.11741959    0.05194457    0.99989493    0.99999807    0.99999807
 558    0.11889796    0.05263768    0.99989080    0.99999800    0.99999800
 559    0.12039493    0.05334090    0.99988652    0.99999792    0.99999792
 560    0.12191073    0.05405441    0.99988206    0.99999785    0.99999785
 561    0.12344559    0.05477839    0.99987743    0.99999776    0.99999776
 562    0.12499977    0.05551300    0.99987261    0.99999768    0.99999768
 563    0.12657349    0.05625845    0.99986759    0.99999759    0.99999759
 564    0.12816700    0.05701492    0.99986238    0.99999750    0.99999750
 565    0.12978056    0.05778261    0.99985696    0.99999741    0.99999741
 566    0.13141442    0.05856170    0.99985132    0.99999731    0.99999731
 567    0.13306882    0.05935240    0.99984546    0.99999721    0.99999721
 568    0.13474404    0.06015491    0.99983936    0.99999711    0.99999711
 569    0.13644033    0.06096945    0.99983301    0.99999700    0.99999700
 570    0.13815796    0.06179623    0.99982641    0.99999689    0.99999689
 571    0.13989719    0.06263546    0.99981955    0.99999677    0.99999677
 572    0.14165829    0.06348737    0.99981240    0.99999666    0.99999666
 573    0.14344155    0.06435218    0.99980497    0.99999653    0.99999653
 574    0.14524724    0.06523012    0.99979724    0.99999641    0.99999641
 575    0.14707565    0.06612144    0.99978920    0.99999628    0.99999628
 576    0.14892705    0.06702636    0.99978083    0.99999614    0.99999614
 577    0.15080174    0.06794514    0.99977212    0.99999600    0.99999600
 578    0.15270000    0.06887802    0.99976306    0.99999586    0.99999586
 579    0.15462215    0.06982527    0.99975363    0.99999571    0.99999571
 580    0.15656848    0.07078713    0.99974381    0.99999556    0.99999556
 581    0.15853928    0.07176388    0.99973360    0.99999540    0.99999540
 582    0.16053488    0.07275578    0.99972297    0.99999524    0.99999524
 583    0.16255558    0.07376311    0.99971191    0.99999508    0.99999508
 584    0.16460169    0.07478615    0.99970039    0.99999491    0.99999491
 585    0.16667354    0.07582518    0.99968840    0.99999474    0.99999474
 586    0.16877145    0.07688050    0.99967593    0.99999456    0.99999456
 587    0.17089575    0.07795239    0.99966294    0.99999438    0.99999438
 588    0.17304678    0.07904117    0.99964942    0.99999419    0.99999419
 589    0.17522485    0.08014713    0.99963534    0.99999400    0.99999400
 590    0.17743033    0.08127058    0.99962068    0.99999381    0.99999381
 591    0.17966354    0.08241185    0.99960542    0.99999361    0.99999361
 592    0.18192485    0.08357126    0.99958952    0.99999341    0.99999341
 593    0.18421460    0.08474912    0.99957297    0.99999320    0.99999320
 594    0.18653315    0.08594578    0.99955574    0.99999300    0.99999300
 595    0.18888087    0.08716157    0.99953779    0.99999279    0.99999279
 596    0.19125811    0.08839682    0.99951910    0.99999258    0.99999258
 597    0.19366526    0.08965190    0.99949963    0.99999236    0.99999236
 598    0.19610269    0.09092715    0.99947935    0.99999215    0.99999215
 599    0.19857077    0.09222292    0.99945823    0.99999193    0.99999193
 600    0.20106990    0.09353958    0.99943623    0.99999172    0.99999172
 601    0.20360047    0.09487749    0.99941331    0.99999151    0.99999151
 602    0.20616286    0.09623702    0.99938943    0.99999130    0.99999130
 603    0.20875749    0.09761855    0.99936455    0.99999109    0.99999109
 604    0.21138475    0.09902245    0.99933862    0.99999089    0.99999089
 605    0.21404507    0.10044910    0.99931161    0.99999069    0.99999069
 606    0.21673884    0.10189889    0.99928347    0.99999050    0.99999050
 607    0.21946649    0.10337221    0.99925414    0.99999032    0.99999032
 608    0.22222846    0.10486943    0.99922357    0.99999015    0.99999015
 609    0.22502517    0.10639096    0.99919172    0.99998999    0.99998999
 610    0.22785705    0.10793719    0.99915852    0.99998985    0.99998985
 611    0.23072456    0.10950852    0.99912392    0.99998973    0.99998973
 612    0.23362813    0.11110533    0.99908785    0.99998962    0.99998962
 613    0.23656823    0.11272802    0.99905025    0.99998954    0.99998954
 614    0.23954531    0.11437700    0.99901106    0.99998949    0.99998949
 615    0.24255984    0.11605264    0.99897021    0.99998946    0.99998946
 616    0.24561228    0.11775536    0.99892762    0.99998948    0.99998948
 617    0.24870312    0.11948554    0.99888321    0.99998953    0.99998953
 618    0.25183284    0.12124356    0.99883692    0.99998962    0.99998962
 619    0.25500192    0.12302981    0.99878865    0.99998977    0.99998977
 620    0.25821087    0.12484466    0.99873832    0.99998997    0.99998997
 621    0.26146018    0.12668850    0.99868584    0.99999023    0.99999023
 622    0.26475036    0.12856168    0.99863112    0.99999056    0.99999056
 623    0.26808193    0.13046456    0.99857406    0.99999097    0.99999097
 624    0.27145540    0.13239749    0.99851456    0.99999146    0.99999146
 625    0.27487131    0.13436081    0.99845250    0.99999205    0.99999205
 626    0.27833018    0.13635484    0.99838779    0.99999274    0.99999274
 627    0.28183256    0.13837989    0.99832030    0.99999356    0.99999356
 628    0.28537899    0.14043626    0.99824992    0.99999450    0.99999450
 629    0.28897004    0.14252423    0.99817652    0.99999558    0.99999558
 630    0.29260625    0.14464405    0.99809997    0.99999682    0.99999682
 631    0.29628820    0.14679597    0.99802013    0.99999823    0.99999823
 632    0.30001646    0.14898020    0.99793686    0.99999983    0.99999983
 633    0.30379162    0.15119694    0.99785002    1.00000163    1.00000163
 634    0.30761427    0.15344636    0.99775944    1.00000367    1.00000367
 635    0.31148500    0.15572857    0.99766499    1.00000596    1.00000596
 636    0.31540441    0.15804370    0.99756647    1.00000852    1.00000852
 637    0.31937313    0.16039181    0.99746374    1.00001138    1.00001138
 638    0.32339177    0.16277294    0.99735660    1.00001457    1.00001457
 639    0.32746095    0.16518706    0.99724487    1.00001811    1.00001811
 640    0.33158132    0.16763414    0.99712835    1.00002205    1.00002205
 641    0.33575352    0.17011407    0.99700686    1.00002642    1.00002642
 642    0.33997819    0.17262671    0.99688018    1.00003124    1.00003124
 643    0.34425601    0.17517185    0.99674809    1.00003658    1.00003658
 644    0.34858763    0.17774924    0.99661037    1.00004246    1.00004246
 645    0.35297374    0.18035855    0.99646680    1.00004895    1.00004895
 646    0.35741502    0.18299940    0.99631714    1.00005608    1.00005608
 647    0.36191217    0.18567133    0.99616113    1.00006393    1.00006393
 648    0.36646588    0.18837382    0.99599854    1.00007253    1.00007253
 649    0.37107687    0.19110626    0.99582908    1.00008197    1.00008197
 650    0.37574586    0.19386795    0.99565250    1.00009231    1.00009231
 651    0.38047358    0.19665812    0.99546851    1.00010363    1.00010363
 652    0.38526076    0.19947589    0.99527683    1.00011599    1.00011599
 653    0.39010817    0.20232030    0.99507717    1.00012950    1.00012950
 654    0.39501654    0.20519027    0.99486922    1.00014423    1.00014423
 655    0.39998665    0.20808463    0.99465267    1.00016029    1.00016029
 656    0.40501928    0.21100206    0.99442720    1.00017778    1.00017778
 657    0.41011522    0.21394115    0.99419250    1.00019682    1.00019682
 658    0.41527525    0.21690035    0.99394822    1.00021751    1.00021751
 659    0.42050018    0.21987799    0.99369403    1.00023998    1.00023998
 660    0.42579084    0.22287225    0.99342959    1.00026437    1.00026437
 661    0.43114805    0.22588115    0.99315454    1.00029081    1.00029081
 662    0.43657264    0.22890259    0.99286853    1.00031946    1.00031946
 663    0.44206547    0.23193428    0.99257120    1.00035047    1.00035047
 664    0.44762738    0.23497379    0.99226219    1.00038400    1.00038400
 665    0.45325926    0.23801850    0.99194113    1.00042023    1.00042023
 666    0.45896198    0.24106562    0.99160765    1.00045934    1.00045934
 667    0.46473642    0.24411217    0.99126139    1.00050153    1.00050153
 668    0.47058351    0.24715499    0.99090198    1.00054698    1.00054698
 669    0.47650414    0.25019071    0.99052906    1.00059591    1.00059591
 670    0.48249924    0.25321577    0.99014226    1.00064853    1.00064853
 671    0.48856975    0.25622637    0.98974122    1.00070506    1.00070506
 672    0.49471662    0.25921853    0.98932560    1.00076574    1.00076574
 673    0.50094080    0.26218802    0.98889505    1.00083081    1.00083081
 674    0.50724328    0.26513040    0.98844925    1.00090049    1.00090049
 675    0.51362503    0.26804099    0.98798788    1.00097504    1.00097504
 676    0.52008706    0.27091488    0.98751063    1.00105470    1.00105470
 677    0.52663036    0.27374691    0.98701722    1.00113973    1.00113973
 678    0.53325597    0.27653168    0.98650738    1.00123037    1.00123037
 679    0.53996493    0.27926355    0.98598089    1.00132687    1.00132687
 680    0.54675827    0.28193661    0.98543752    1.00142947    1.00142947
 681    0.55363705    0.28454472    0.98487708    1.00153841    1.00153841
 682    0.56060237    0.28708147    0.98429943    1.00165391    1.00165391
 683    0.56765530    0.28954021    0.98370446    1.00177617    1.00177617
 684    0.57479694    0.29191404    0.98309208    1.00190538    1.00190538
 685    0.58202841    0.29419580    0.98246227    1.00204172    1.00204172
 686    0.58935084    0.29637808    0.98181504    1.00218530    1.00218530
 687    0.59676538    0.29845325    0.98115046    1.00233625    1.00233625
 688    0.60427318    0.30041343    0.98046865    1.00249462    1.00249462
 689    0.61187542    0.30225049    0.97976979    1.00266042    1.00266042
 690    0.61957328    0.30395613    0.97905414    1.00283362    1.00283362
 691    0.62736797    0.30552178    0.97832200    1.00301412    1.00301412
 692    0.63526071    0.30693871    0.97757375    1.00320175    1.00320175
 693    0.64325272    0.30819799    0.97680987    1.00339625    1.00339625
 694    0.65134526    0.30929052    0.97603089    1.00359728    1.00359728
 695    0.65953959    0.31020704    0.97523742    1.00380441    1.00380441
 696    0.66783700    0.31093815    0.97443018    1.00401709    1.00401709
 697    0.67623877    0.31147434    0.97360997    1.00423465    1.00423465
 698    0.68474623    0.31180601    0.97277767    1.00445629    1.00445629
 699    0.69336069    0.31192348    0.97193426    1.00468106    1.00468106
 700    0.70208351    0.31181702    0.97108083    1.00490786    1.00490786
 701    0.71091605    0.31147689    0.97021855    1.00513542    1.00513542
 702    0.71985969    0.31089338    0.96934869    1.00536229    1.00536229
 703    0.72891583    0.31005679    0.96847263    1.00558685    1.00558685
 704    0.73808588    0.30895754    0.96759182    1.00580724    1.00580724
 705    0.74737127    0.30758612    0.96670783    1.00602143    1.00602143
 706    0.75677346    0.30593320    0.96582232    1.00622714    1.00622714
 707    0.76629392    0.30398965    0.96493703    1.00642188    1.00642188
 708    0.77593413    0.30174656    0.96405378    1.00660294    1.00660294
 709    0.78569559    0.29919528    0.96317448    1.00676734    1.00676734
 710    0.79557985    0.29632749    0.96230111    1.00691189    1.00691189
 711    0.80558843    0.29313526    0.96143571    1.00703315    1.00703315
 712    0.81572290    0.28961102    0.96058036    1.00712747    1.00712747
 713    0.82598485    0.28574768    0.95973720    1.00719097    1.00719097
 714    0.83637587    0.28153866    0.95890841    1.00721953    1.00721953
 715    0.84689760    0.27697790    0.95809616    1.00720889    1.00720889
 716    0.85755168    0.27205996    0.95730264    1.00715459    1.00715459
 717    0.86833977    0.26678003    0.95653003    1.00705202    1.00705202
 718    0.87926356    0.26113397    0.95578046    1.00689647    1.00689647
 719    0.89032475    0.25511839    0.95505603    1.00668316    1.00668316
 720    0.90152507    0.24873065    0.95435876    1.00640728    1.00640728
 721    0.91286628    0.24196893    0.95369059    1.00606403    1.00606403
 722    0.92435014    0.23483225    0.95305333    1.00564870    1.00564870
 723    0.93597845    0.22732051    0.95244868    1.00515671    1.00515671
 724    0.94775303    0.21943451    0.95187816    1.00458370    1.00458370
 725    0.95967571    0.21117599    0.95134314    1.00392559    1.00392559
 726    0.97174836    0.20254763    0.95084475    1.00317865    1.00317865
 727    0.98397287    0.19355309    0.95038392    1.00233962    1.00233962
 728    0.99635114    0.18419698    0.94996131    1.00140573    1.00140573
 729    1.00888511    0.17448490    0.94957732    1.00037487    1.00037487
 730    1.02157674    0.16442342    0.94923205    0.99924561    0.99924561
 731    1.03442802    0.15402004    0.94892528    0.99801731    0.99801731
 732    1.04744094    0.14328322    0.94865646    0.99669023    0.99669023
 733    1.06061754    0.13222230    0.94842465    0.99526556    0.99526556
 734    1.07395988    0.12084747    0.94822858    0.99374552    0.99374552
 735    1.08747005    0.10916974    0.94806655    0.99213343    0.99213343
 736    1.10115016    0.09720088    0.94793649    0.99043370    0.99043370
 737    1.11500234    0.08495333    0.94783590    0.98865195    0.98865195
 738    1.12902876    0.07244014    0.94776183    0.98679493    0.98679493
 739    1.14323161    0.05967489    0.94771094    0.98487056    0.98487056
 740    1.15761311    0.04667159    0.94767941    0.98288791    0.98288791
 741    1.17217551    0.03344462    0.94766302    0.98085709    0.98085709
 742    1.18692108    0.02000860    0.94765708    0.97878922    0.97878922
 743    1.20185212    0.00637829    0.94765647    0.97669631    0.97669631
 744    1.21697098   -0.00743146    0.94765563    0.97459111    0.97459111
 745    1.23228001   -0.02140581    0.94764857    0.97248697    0.97248697
 746    1.24778160   -0.03553001    0.94762888    0.97039770    0.97039770
 747    1.26347818   -0.04978945    0.94758972    0.96833736    0.96833736
 748    1.27937219   -0.06416970    0.94752387    0.96632009    0.96632009
 749    1.29546613   -0.07865650    0.94742367    0.96435998    0.96435998
 750    1.31176251   -0.09323572    0.94728112    0.96247087    0.96247087
 751    1.32826386   -0.10789334    0.94708783    0.96066626    0.96066626
 752    1.34497278   -0.12261530    0.94683504    0.95895924    0.95895924
 753    1.36189188   -0.13738732    0.94651369    0.95736261    0.95736261
 754    1.37902379   -0.15219478    0.94611438    0.95588926    0.95588926
 755    1.39637119   -0.16702285    0.94562741    0.95455257    0.95455257
 756    1.41393679   -0.18185669    0.94504285    0.95336600    0.95336600
 757    1.43172334   -0.19668147    0.94435049    0.95234276    0.95234276
 758    1.44973362   -0.21148238    0.94353994    0.95149573    0.95149573
 759    1.46797044   -0.22624471    0.94260061    0.95083744    0.95083744
 760    1.48643666   -0.24095378    0.94152177    0.95037990    0.95037990
 761    1.50513515   -0.25559504    0.94029257    0.95013460    0.95013460
 762    1.52406883   -0.27015405    0.93890207    0.95011236    0.95011236
 763    1.54324068   -0.28461652    0.93733930    0.95032330    0.95032330
 764    1.56265367   -0.29896831    0.93559326    0.95077676    0.95077676
 765    1.58231085   -0.31319547    0.93365298    0.95148120    0.95148120
 766    1.60221529   -0.32728425    0.93150757    0.95244413    0.95244413
 767    1.62237009   -0.34122109    0.92914621    0.95367206    0.95367206
 768    1.64277841   -0.35499272    0.92655825    0.95517044    0.95517044
 769    1.66344344   -0.36858606    0.92373320    0.95694355    0.95694355
 770    1.68436840   -0.38198835    0.92066081    0.95899451    0.95899451
 771    1.70555656   -0.39518708    0.91733107    0.96132516    0.96132516
 772    1.72701124   -0.40817006    0.91373428    0.96393608    0.96393608
 773    1.74873579   -0.42092539    0.90986105    0.96682650    0.96682650
 774    1.77073359   -0.43344151    0.90570241    0.96999429    0.96999429
 775    1.79300810   -0.44570719    0.90124976    0.97343590    0.97343590
 776    1.81556278   -0.45771155    0.89649496    0.97714641    0.97714641
 777    1.83840116   -0.46944406    0.89143037    0.98111942    0.98111942
 778    1.86152682   -0.48089455    0.88604884    0.98534713    0.98534713
 779    1.88494336   -0.49205324    0.88034380    0.98982029    0.98982029
 780    1.90865445   -0.50291071    0.87430926    0.99452826    0.99452826
 781    1.93266378   -0.51345792    0.86793982    0.99945900    0.99945900
 782    1.95697512   -0.52368622    0.86123074    1.00459911    1.00459911
 783    1.98159225   -0.53358732    0.85417797    1.00993392    1.00993392
 784    2.00651903   -0.54315334    0.84677812    1.01544752    1.01544752
 785    2.03175935   -0.55237672    0.83902856    1.02112282    1.02112282
 786    2.05731716   -0.56125029    0.83092738    1.02694168    1.02694168
 787    2.08319644   -0.56976722    0.82247345    1.03288497    1.03288497
 788    2.10940124   -0.57792100    0.81366643    1.03893268    1.03893268
 789    2.13593566   -0.58570543    0.80450676    1.04506400    1.04506400
 790    2.16280384   -0.59311464    0.79499574    1.05125738    1.05125738
 791    2.19000998   -0.60014298    0.78513549    1.05749066    1.05749066
 792    2.21755833   -0.60678511    0.77492899    1.06374106    1.06374106
 793    2.24545320   -0.61303593    0.76438008    1.06998523    1.06998523
 794    2.27369894   -0.61889054    0.75349348    1.07619926    1.07619926
 795    2.30229997   -0.62434434    0.74227480    1.08235863    1.08235863
 796    2.33126075   -0.62939290    0.73073056    1.08843818    1.08843818
 797    2.36058582   -0.63403208    0.71886815    1.09441211    1.09441211
 798    2.39027975   -0.63825797    0.70669587    1.10025387    1.10025387
 799    2.42034719   -0.64206694    0.69422294    1.10593608    1.10593608
 800    2.45079283   -0.64545564    0.68145946    1.11143073    1.11143073
 801    2.48162142   -0.64842104    0.66841640    1.11670899    1.11670899
 802    2.51283779   -0.65096044    0.65510563    1.12174119    1.12174119
 803    2.54444682   -0.65307150    0.64153987    1.12649698    1.12649698
 804    2.57645344   -0.65475227    0.62773268    1.13094547    1.13094547
 805    2.60886265   -0.65600118    0.61369843    1.13505522    1.13505522
 806    2.64167952   -0.65681711    0.59945228    1.13879450    1.13879450
 807    2.67490917   -0.65719935    0.58501013    1.14213133    1.14213133
 808    2.70855681   -0.65714764    0.57038863    1.14503374    1.14503374
 809    2.74262767   -0.65666217    0.55560509    1.14746987    1.14746987
 810    2.77712710   -0.65574360    0.54067743    1.14940819    1.14940819
 811    2.81206048   -0.65439305    0.52562421    1.15081766    1.15081766
 812    2.84743326   -0.65261208    0.51046450    1.15166789    1.15166789
 813    2.88325098   -0.65040275    0.49521786    1.15192931    1.15192931
 814    2.91951923   -0.64776755    0.47990429    1.15157335    1.15157335
 815    2.95624368   -0.64470942    0.46454416    1.15057258    1.15057258
 816    2.99343006   -0.64123178    0.44915817    1.14890085    1.14890085
 817    3.03108419   -0.63733846    0.43376725    1.14653347    1.14653347
 818    3.06921196   -0.63303374    0.41839256    1.14344732    1.14344732
 819    3.10781931   -0.62832232    0.40305534    1.13962099    1.13962099
 820    3.14691228   -0.62320932    0.38777693    1.13503490    1.13503490
 821    3.18649698   -0.61770027    0.37257865    1.12967144    1.12967144
 822    3.22657960   -0.61180111    0.35748174    1.12351509    1.12351509
 823    3.26716639   -0.60551813    0.34250730    1.11655249    1.11655249
 824    3.30826370   -0.59885804    0.32767623    1.10877259    1.10877259
 825    3.34987795   -0.59182787    0.31300912    1.10016671    1.10016671
 826    3.39201565   -0.58443503    0.29852625    1.09072865    1.09072865
 827    3.43468337   -0.57668726    0.28424745    1.08045478    1.08045478
 828    3.47788778   -0.56859260    0.27019208    1.06934404    1.06934404
 829    3.52163564   -0.56015943    0.25637897    1.05739811    1.05739811
 830    3.56593378   -0.55139640    0.24282630    1.04462136    1.04462136
 831    3.61078913   -0.54231243    0.22955160    1.03102095    1.03102095
 832    3.65620868   -0.53291672    0.21657165    1.01660686    1.01660686
 833    3.70219954   -0.52321869    0.20390243    1.00139186    1.00139186
 834    3.74876890   -0.51322799    0.19155910    0.98539160    0.98539160
 835    3.79592402   -0.50295446    0.17955588    0.96862453    0.96862453
 836    3.84367228   -0.49240813    0.16790606    0.95111197    0.95111197
 837    3.89202115   -0.48159919    0.15662189    0.93287804    0.93287804
 838    3.94097816   -0.47053797    0.14571463    0.91394965    0.91394965
 839    3.99055098   -0.45923490    0.13519441    0.89435650    0.89435650
 840    4.04074735   -0.44770050    0.12507025    0.87413099    0.87413099
 841    4.09157512   -0.43594534    0.11535002    0.85330822    0.85330822
 842    4.14304221   -0.42398002    0.10604040    0.83192595    0.83192595
 843    4.19515669   -0.41181515    0.09714686    0.81002449    0.81002449
 844    4.24792668   -0.39946128    0.08867365    0.78764669    0.78764669
 845    4.30136043   -0.38692886    0.08062377    0.76483784    0.76483784
 846    4.35546631   -0.37422825    0.07299896    0.74164557    0.74164557
 847    4.41025274   -0.36136962    0.06579970    0.71811980    0.71811980
 848    4.46572831   -0.34836289    0.05902520    0.69431256    0.69431256
 849    4.52190168   -0.33521775    0.05267342    0.67027785    0.67027785
 850    4.57878162   -0.32194350    0.04674102    0.64607151    0.64607151
 851    4.63637702   -0.30854906    0.04122345    0.62175096    0.62175096
 852    4.69469688   -0.29504288    0.03611490    0.59737499    0.59737499
 853    4.75375031   -0.28143284    0.03140831    0.57300346    0.57300346
 854    4.81354655   -0.26772623    0.02709543    0.54869700    0.54869700
 855    4.87409492   -0.25392960    0.02316680    0.52451664    0.52451664
 856    4.93540491   -0.24004876    0.01961179    0.50052344    0.50052344
 857    4.99748608   -0.22608862    0.01641857    0.47677805    0.47677805
 858    5.06034813   -0.21205319    0.01357417    0.45334033    0.45334033
 859    5.12400089   -0.19794540    0.01106449    0.43026885    0.43026885
 860    5.18845431   -0.18376710    0.00887424    0.40762050    0.40762050
 861    5.25371844   -0.16951895    0.00698702    0.38544981    0.38544981
 862    5.31980350   -0.15520034    0.00538525    0.36379855    0.36379855
 863    5.38671981   -0.14080999    0.00405016    0.34258041    0.34258041
 864    5.45447782   -0.12635397    0.00296161    0.32119561    0.32119561
 865    5.52308813   -0.11187521    0.00209750    0.29824899    0.29824899
 866    5.59256144   -0.09748975    0.00143307    0.27200128    0.27200128
 867    5.66290862   -0.08339844    0.00094072    0.24132343    0.24132343
 868    5.73414066   -0.06986690    0.00059083    0.20641819    0.20641819
 869    5.80626869   -0.05718564    0.00035348    0.16892126    0.16892126
 870    5.87930397   -0.04562565    0.00020049    0.13142467    0.13142467
 871    5.95325793   -0.03540079    0.00010723    0.09670264    0.09670264
 872    6.02814211   -0.02664313    0.00005374    0.06697548    0.06697548
 873    6.10396822   -0.01939323    0.00002504    0.04345915    0.04345915
 874    6.18074811   -0.01360416    0.00001074    0.02628667    0.02628667
 875    6.25849377   -0.00915605    0.00000419    0.01473430    0.01473430
 876    6.33721735   -0.00587701    0.00000145    0.00760022    0.00760022
 877    6.41693114   -0.00356618    0.00000043    0.00357899    0.00357899
 878    6.49764762   -0.00201511    0.00000010    0.00152850    0.00152850
 879    6.57937938   -0.00102425    0.00000001    0.00059687    0.00059687
 880    6.66213920   -0.00041086    0.00000000    0.00023390    0.00023390
 881    6.74594002   -0.00000000    0.00000000    0.00003558    0.00003558
 882    6.83079491    0.00000000    0.00000000    0.00000000    0.00000000
 883    6.91671715    0.00000000    0.00000000    0.00000000    0.00000000
