               -295.5407812995
         -0.000000273       0.000000000      -0.000000000
          0.000000000      -0.000000273      -0.000000000
          0.000000000      -0.000000000      -0.000000274
           5
  1    20       0.000000001       0.000000001       0.000000039  Ca
  2    22       0.000000003      -0.000000005       0.000000073  Ti
  3     8      -0.000000005      -0.000000003       0.000000102  O
  3     8       0.000000001       0.000000008       0.000000102  O
  3     8       0.000000007      -0.000000001      -0.000000313  O
