   1    0.00000000    0.00000000    1.00000000    1.00000000    1.00000000
   2    0.00000142    0.00000065    1.00000000    1.00000000    1.00000000
   3    0.00000285    0.00000130    1.00000000    1.00000000    1.00000000
   4    0.00000431    0.00000197    1.00000000    1.00000000    1.00000000
   5    0.00000578    0.00000264    1.00000000    1.00000000    1.00000000
   6    0.00000727    0.00000332    1.00000000    1.00000000    1.00000000
   7    0.00000878    0.00000401    1.00000000    1.00000000    1.00000000
   8    0.00001030    0.00000471    1.00000000    1.00000000    1.00000000
   9    0.00001185    0.00000541    1.00000000    1.00000000    1.00000000
  10    0.00001342    0.00000613    1.00000000    1.00000000    1.00000000
  11    0.00001500    0.00000685    1.00000000    1.00000000    1.00000000
  12    0.00001661    0.00000759    1.00000000    1.00000000    1.00000000
  13    0.00001823    0.00000833    1.00000000    1.00000000    1.00000000
  14    0.00001988    0.00000908    1.00000000    1.00000000    1.00000000
  15    0.00002155    0.00000985    1.00000000    1.00000000    1.00000000
  16    0.00002324    0.00001062    1.00000000    1.00000000    1.00000000
  17    0.00002495    0.00001140    1.00000000    1.00000000    1.00000000
  18    0.00002668    0.00001219    1.00000000    1.00000000    1.00000000
  19    0.00002843    0.00001299    1.00000000    1.00000000    1.00000000
  20    0.00003020    0.00001380    1.00000000    1.00000000    1.00000000
  21    0.00003200    0.00001462    1.00000000    1.00000000    1.00000000
  22    0.00003382    0.00001545    1.00000000    1.00000000    1.00000000
  23    0.00003566    0.00001630    1.00000000    1.00000000    1.00000000
  24    0.00003753    0.00001715    1.00000000    1.00000000    1.00000000
  25    0.00003942    0.00001801    1.00000000    1.00000000    1.00000000
  26    0.00004133    0.00001889    1.00000000    1.00000000    1.00000000
  27    0.00004327    0.00001977    1.00000000    1.00000000    1.00000000
  28    0.00004523    0.00002067    1.00000000    1.00000000    1.00000000
  29    0.00004722    0.00002157    1.00000000    1.00000000    1.00000000
  30    0.00004923    0.00002249    1.00000000    1.00000000    1.00000000
  31    0.00005126    0.00002342    1.00000000    1.00000000    1.00000000
  32    0.00005333    0.00002437    1.00000000    1.00000000    1.00000000
  33    0.00005541    0.00002532    1.00000000    1.00000000    1.00000000
  34    0.00005753    0.00002629    1.00000000    1.00000000    1.00000000
  35    0.00005967    0.00002726    1.00000000    1.00000000    1.00000000
  36    0.00006184    0.00002826    1.00000000    1.00000000    1.00000000
  37    0.00006403    0.00002926    1.00000000    1.00000000    1.00000000
  38    0.00006625    0.00003027    1.00000000    1.00000000    1.00000000
  39    0.00006851    0.00003130    1.00000000    1.00000000    1.00000000
  40    0.00007078    0.00003234    1.00000000    1.00000000    1.00000000
  41    0.00007309    0.00003340    1.00000000    1.00000000    1.00000000
  42    0.00007543    0.00003447    1.00000000    1.00000000    1.00000000
  43    0.00007779    0.00003555    1.00000000    1.00000000    1.00000000
  44    0.00008019    0.00003664    1.00000000    1.00000000    1.00000000
  45    0.00008262    0.00003775    1.00000000    1.00000000    1.00000000
  46    0.00008507    0.00003887    1.00000000    1.00000000    1.00000000
  47    0.00008756    0.00004001    1.00000000    1.00000000    1.00000000
  48    0.00009008    0.00004116    1.00000000    1.00000000    1.00000000
  49    0.00009263    0.00004232    1.00000000    1.00000000    1.00000000
  50    0.00009521    0.00004350    1.00000000    1.00000000    1.00000000
  51    0.00009783    0.00004470    1.00000000    1.00000000    1.00000000
  52    0.00010047    0.00004591    1.00000000    1.00000000    1.00000000
  53    0.00010315    0.00004713    1.00000000    1.00000000    1.00000000
  54    0.00010587    0.00004837    1.00000000    1.00000000    1.00000000
  55    0.00010862    0.00004963    1.00000000    1.00000000    1.00000000
  56    0.00011140    0.00005090    1.00000000    1.00000000    1.00000000
  57    0.00011422    0.00005219    1.00000000    1.00000000    1.00000000
  58    0.00011707    0.00005349    1.00000000    1.00000000    1.00000000
  59    0.00011996    0.00005481    1.00000000    1.00000000    1.00000000
  60    0.00012289    0.00005615    1.00000000    1.00000000    1.00000000
  61    0.00012585    0.00005751    1.00000000    1.00000000    1.00000000
  62    0.00012885    0.00005888    1.00000000    1.00000000    1.00000000
  63    0.00013189    0.00006026    1.00000000    1.00000000    1.00000000
  64    0.00013497    0.00006167    1.00000000    1.00000000    1.00000000
  65    0.00013808    0.00006309    1.00000000    1.00000000    1.00000000
  66    0.00014124    0.00006453    1.00000000    1.00000000    1.00000000
  67    0.00014443    0.00006599    1.00000000    1.00000000    1.00000000
  68    0.00014766    0.00006747    1.00000000    1.00000000    1.00000000
  69    0.00015094    0.00006897    1.00000000    1.00000000    1.00000000
  70    0.00015425    0.00007048    1.00000000    1.00000000    1.00000000
  71    0.00015761    0.00007202    1.00000000    1.00000000    1.00000000
  72    0.00016101    0.00007357    1.00000000    1.00000000    1.00000000
  73    0.00016445    0.00007514    1.00000000    1.00000000    1.00000000
  74    0.00016794    0.00007674    1.00000000    1.00000000    1.00000000
  75    0.00017147    0.00007835    1.00000000    1.00000000    1.00000000
  76    0.00017504    0.00007998    1.00000000    1.00000000    1.00000000
  77    0.00017866    0.00008164    1.00000000    1.00000000    1.00000000
  78    0.00018233    0.00008331    1.00000000    1.00000000    1.00000000
  79    0.00018604    0.00008501    1.00000000    1.00000000    1.00000000
  80    0.00018980    0.00008672    1.00000000    1.00000000    1.00000000
  81    0.00019360    0.00008846    1.00000000    1.00000000    1.00000000
  82    0.00019745    0.00009022    1.00000000    1.00000000    1.00000000
  83    0.00020135    0.00009200    1.00000000    1.00000000    1.00000000
  84    0.00020530    0.00009381    1.00000000    1.00000000    1.00000000
  85    0.00020930    0.00009564    1.00000000    1.00000000    1.00000000
  86    0.00021335    0.00009749    1.00000000    1.00000000    1.00000000
  87    0.00021745    0.00009936    1.00000000    1.00000000    1.00000000
  88    0.00022161    0.00010126    1.00000000    1.00000000    1.00000000
  89    0.00022581    0.00010318    1.00000000    1.00000000    1.00000000
  90    0.00023007    0.00010512    1.00000000    1.00000000    1.00000000
  91    0.00023438    0.00010709    1.00000000    1.00000000    1.00000000
  92    0.00023874    0.00010909    1.00000000    1.00000000    1.00000000
  93    0.00024316    0.00011111    1.00000000    1.00000000    1.00000000
  94    0.00024764    0.00011315    1.00000000    1.00000000    1.00000000
  95    0.00025217    0.00011522    1.00000000    1.00000000    1.00000000
  96    0.00025676    0.00011732    1.00000000    1.00000000    1.00000000
  97    0.00026141    0.00011944    1.00000000    1.00000000    1.00000000
  98    0.00026611    0.00012159    1.00000000    1.00000000    1.00000000
  99    0.00027088    0.00012377    1.00000000    1.00000000    1.00000000
 100    0.00027570    0.00012598    1.00000000    1.00000000    1.00000000
 101    0.00028059    0.00012821    1.00000000    1.00000000    1.00000000
 102    0.00028553    0.00013047    1.00000000    1.00000000    1.00000000
 103    0.00029054    0.00013276    1.00000000    1.00000000    1.00000000
 104    0.00029562    0.00013507    1.00000000    1.00000000    1.00000000
 105    0.00030075    0.00013742    1.00000000    1.00000000    1.00000000
 106    0.00030595    0.00013980    1.00000000    1.00000000    1.00000000
 107    0.00031122    0.00014220    1.00000000    1.00000000    1.00000000
 108    0.00031655    0.00014464    1.00000000    1.00000000    1.00000000
 109    0.00032195    0.00014711    1.00000000    1.00000000    1.00000000
 110    0.00032741    0.00014960    1.00000000    1.00000000    1.00000000
 111    0.00033295    0.00015213    1.00000000    1.00000000    1.00000000
 112    0.00033856    0.00015470    1.00000000    1.00000000    1.00000000
 113    0.00034423    0.00015729    1.00000000    1.00000000    1.00000000
 114    0.00034998    0.00015991    1.00000000    1.00000000    1.00000000
 115    0.00035580    0.00016257    1.00000000    1.00000000    1.00000000
 116    0.00036169    0.00016527    1.00000000    1.00000000    1.00000000
 117    0.00036766    0.00016799    1.00000000    1.00000000    1.00000000
 118    0.00037370    0.00017075    1.00000000    1.00000000    1.00000000
 119    0.00037982    0.00017355    1.00000000    1.00000000    1.00000000
 120    0.00038601    0.00017638    1.00000000    1.00000000    1.00000000
 121    0.00039228    0.00017925    1.00000000    1.00000000    1.00000000
 122    0.00039864    0.00018215    1.00000000    1.00000000    1.00000000
 123    0.00040507    0.00018509    1.00000000    1.00000000    1.00000000
 124    0.00041158    0.00018806    1.00000000    1.00000000    1.00000000
 125    0.00041817    0.00019107    1.00000000    1.00000000    1.00000000
 126    0.00042485    0.00019413    1.00000000    1.00000000    1.00000000
 127    0.00043161    0.00019722    1.00000000    1.00000000    1.00000000
 128    0.00043846    0.00020034    1.00000000    1.00000000    1.00000000
 129    0.00044539    0.00020351    1.00000000    1.00000000    1.00000000
 130    0.00045241    0.00020672    1.00000000    1.00000000    1.00000000
 131    0.00045952    0.00020997    1.00000000    1.00000000    1.00000000
 132    0.00046671    0.00021325    1.00000000    1.00000000    1.00000000
 133    0.00047400    0.00021658    1.00000000    1.00000000    1.00000000
 134    0.00048138    0.00021996    1.00000000    1.00000000    1.00000000
 135    0.00048885    0.00022337    1.00000000    1.00000000    1.00000000
 136    0.00049642    0.00022683    1.00000000    1.00000000    1.00000000
 137    0.00050408    0.00023033    1.00000000    1.00000000    1.00000000
 138    0.00051184    0.00023387    1.00000000    1.00000000    1.00000000
 139    0.00051970    0.00023746    1.00000000    1.00000000    1.00000000
 140    0.00052765    0.00024110    1.00000000    1.00000000    1.00000000
 141    0.00053570    0.00024478    1.00000000    1.00000000    1.00000000
 142    0.00054386    0.00024850    1.00000000    1.00000000    1.00000000
 143    0.00055212    0.00025228    1.00000000    1.00000000    1.00000000
 144    0.00056048    0.00025610    1.00000000    1.00000000    1.00000000
 145    0.00056895    0.00025997    1.00000000    1.00000000    1.00000000
 146    0.00057752    0.00026388    1.00000000    1.00000000    1.00000000
 147    0.00058620    0.00026785    1.00000000    1.00000000    1.00000000
 148    0.00059499    0.00027187    1.00000000    1.00000000    1.00000000
 149    0.00060389    0.00027594    1.00000000    1.00000000    1.00000000
 150    0.00061291    0.00028005    1.00000000    1.00000000    1.00000000
 151    0.00062203    0.00028422    1.00000000    1.00000000    1.00000000
 152    0.00063128    0.00028845    1.00000000    1.00000000    1.00000000
 153    0.00064063    0.00029272    1.00000000    1.00000000    1.00000000
 154    0.00065011    0.00029705    1.00000000    1.00000000    1.00000000
 155    0.00065970    0.00030144    1.00000000    1.00000000    1.00000000
 156    0.00066942    0.00030588    1.00000000    1.00000000    1.00000000
 157    0.00067926    0.00031037    1.00000000    1.00000000    1.00000000
 158    0.00068922    0.00031492    1.00000000    1.00000000    1.00000000
 159    0.00069930    0.00031953    1.00000000    1.00000000    1.00000000
 160    0.00070952    0.00032420    1.00000000    1.00000000    1.00000000
 161    0.00071986    0.00032892    1.00000000    1.00000000    1.00000000
 162    0.00073033    0.00033371    1.00000000    1.00000000    1.00000000
 163    0.00074093    0.00033855    1.00000000    1.00000000    1.00000000
 164    0.00075167    0.00034346    1.00000000    1.00000000    1.00000000
 165    0.00076254    0.00034843    1.00000000    1.00000000    1.00000000
 166    0.00077355    0.00035346    1.00000000    1.00000000    1.00000000
 167    0.00078470    0.00035855    1.00000000    1.00000000    1.00000000
 168    0.00079599    0.00036371    1.00000000    1.00000000    1.00000000
 169    0.00080742    0.00036893    1.00000000    1.00000000    1.00000000
 170    0.00081899    0.00037422    1.00000000    1.00000000    1.00000000
 171    0.00083071    0.00037957    1.00000000    1.00000000    1.00000000
 172    0.00084257    0.00038500    1.00000000    1.00000000    1.00000000
 173    0.00085459    0.00039049    1.00000000    1.00000000    1.00000000
 174    0.00086676    0.00039605    1.00000000    1.00000000    1.00000000
 175    0.00087908    0.00040167    1.00000000    1.00000000    1.00000000
 176    0.00089155    0.00040737    1.00000000    1.00000000    1.00000000
 177    0.00090418    0.00041315    1.00000000    1.00000000    1.00000000
 178    0.00091697    0.00041899    1.00000000    1.00000000    1.00000000
 179    0.00092992    0.00042491    1.00000000    1.00000000    1.00000000
 180    0.00094304    0.00043090    1.00000000    1.00000000    1.00000000
 181    0.00095632    0.00043697    1.00000000    1.00000000    1.00000000
 182    0.00096976    0.00044311    1.00000000    1.00000000    1.00000000
 183    0.00098338    0.00044933    1.00000000    1.00000000    1.00000000
 184    0.00099717    0.00045563    1.00000000    1.00000000    1.00000000
 185    0.00101113    0.00046201    1.00000000    1.00000000    1.00000000
 186    0.00102526    0.00046847    1.00000000    1.00000000    1.00000000
 187    0.00103958    0.00047501    1.00000000    1.00000000    1.00000000
 188    0.00105407    0.00048163    1.00000000    1.00000000    1.00000000
 189    0.00106874    0.00048834    1.00000000    1.00000000    1.00000000
 190    0.00108360    0.00049513    1.00000000    1.00000000    1.00000000
 191    0.00109865    0.00050201    1.00000000    1.00000000    1.00000000
 192    0.00111389    0.00050897    1.00000000    1.00000000    1.00000000
 193    0.00112932    0.00051602    1.00000000    1.00000000    1.00000000
 194    0.00114494    0.00052316    1.00000000    1.00000000    1.00000000
 195    0.00116076    0.00053038    1.00000000    1.00000000    1.00000000
 196    0.00117678    0.00053770    1.00000000    1.00000000    1.00000000
 197    0.00119299    0.00054511    1.00000000    1.00000000    1.00000000
 198    0.00120942    0.00055262    1.00000000    1.00000000    1.00000000
 199    0.00122605    0.00056022    1.00000000    1.00000000    1.00000000
 200    0.00124289    0.00056791    1.00000000    1.00000000    1.00000000
 201    0.00125994    0.00057570    1.00000000    1.00000000    1.00000000
 202    0.00127720    0.00058359    1.00000000    1.00000000    1.00000000
 203    0.00129469    0.00059158    1.00000000    1.00000000    1.00000000
 204    0.00131239    0.00059967    1.00000000    1.00000000    1.00000000
 205    0.00133031    0.00060786    1.00000000    1.00000000    1.00000000
 206    0.00134846    0.00061615    1.00000000    1.00000000    1.00000000
 207    0.00136684    0.00062455    1.00000000    1.00000000    1.00000000
 208    0.00138545    0.00063305    1.00000000    1.00000000    1.00000000
 209    0.00140430    0.00064166    1.00000000    1.00000000    1.00000000
 210    0.00142338    0.00065038    1.00000000    1.00000000    1.00000000
 211    0.00144270    0.00065921    1.00000000    1.00000000    1.00000000
 212    0.00146226    0.00066815    1.00000000    1.00000000    1.00000000
 213    0.00148207    0.00067720    1.00000000    1.00000000    1.00000000
 214    0.00150213    0.00068637    1.00000000    1.00000000    1.00000000
 215    0.00152244    0.00069565    1.00000000    1.00000000    1.00000000
 216    0.00154301    0.00070505    1.00000000    1.00000000    1.00000000
 217    0.00156384    0.00071456    1.00000000    1.00000000    1.00000000
 218    0.00158492    0.00072420    1.00000000    1.00000000    1.00000000
 219    0.00160628    0.00073396    1.00000000    1.00000000    1.00000000
 220    0.00162790    0.00074384    1.00000000    1.00000000    1.00000000
 221    0.00164979    0.00075384    1.00000000    1.00000000    1.00000000
 222    0.00167196    0.00076397    1.00000000    1.00000000    1.00000000
 223    0.00169441    0.00077423    1.00000000    1.00000000    1.00000000
 224    0.00171714    0.00078461    1.00000000    1.00000000    1.00000000
 225    0.00174016    0.00079513    1.00000000    1.00000000    1.00000000
 226    0.00176346    0.00080578    1.00000000    1.00000000    1.00000000
 227    0.00178706    0.00081656    1.00000000    1.00000000    1.00000000
 228    0.00181096    0.00082748    1.00000000    1.00000000    1.00000000
 229    0.00183515    0.00083854    1.00000000    1.00000000    1.00000000
 230    0.00185965    0.00084973    1.00000000    1.00000000    1.00000000
 231    0.00188446    0.00086107    1.00000000    1.00000000    1.00000000
 232    0.00190958    0.00087255    1.00000000    1.00000000    1.00000000
 233    0.00193502    0.00088417    1.00000000    1.00000000    1.00000000
 234    0.00196078    0.00089594    1.00000000    1.00000000    1.00000000
 235    0.00198686    0.00090786    1.00000000    1.00000000    1.00000000
 236    0.00201327    0.00091992    1.00000000    1.00000000    1.00000000
 237    0.00204001    0.00093214    1.00000000    1.00000000    1.00000000
 238    0.00206709    0.00094452    1.00000000    1.00000000    1.00000000
 239    0.00209450    0.00095705    1.00000000    1.00000000    1.00000000
 240    0.00212227    0.00096973    1.00000000    1.00000000    1.00000000
 241    0.00215038    0.00098258    1.00000000    1.00000000    1.00000000
 242    0.00217884    0.00099558    1.00000000    1.00000000    1.00000000
 243    0.00220767    0.00100875    1.00000000    1.00000000    1.00000000
 244    0.00223685    0.00102209    1.00000000    1.00000000    1.00000000
 245    0.00226641    0.00103560    1.00000000    1.00000000    1.00000000
 246    0.00229633    0.00104927    1.00000000    1.00000000    1.00000000
 247    0.00232663    0.00106312    1.00000000    1.00000000    1.00000000
 248    0.00235732    0.00107714    1.00000000    1.00000000    1.00000000
 249    0.00238838    0.00109133    1.00000000    1.00000000    1.00000000
 250    0.00241984    0.00110571    1.00000000    1.00000000    1.00000000
 251    0.00245170    0.00112026    1.00000000    1.00000000    1.00000000
 252    0.00248396    0.00113500    1.00000000    1.00000000    1.00000000
 253    0.00251662    0.00114993    1.00000000    1.00000000    1.00000000
 254    0.00254969    0.00116504    1.00000000    1.00000000    1.00000000
 255    0.00258318    0.00118034    1.00000000    1.00000000    1.00000000
 256    0.00261709    0.00119584    1.00000000    1.00000000    1.00000000
 257    0.00265142    0.00121153    1.00000000    1.00000000    1.00000000
 258    0.00268619    0.00122741    1.00000000    1.00000000    1.00000000
 259    0.00272140    0.00124350    1.00000000    1.00000000    1.00000000
 260    0.00275704    0.00125979    1.00000000    1.00000000    1.00000000
 261    0.00279314    0.00127629    1.00000000    1.00000000    1.00000000
 262    0.00282969    0.00129299    1.00000000    1.00000000    1.00000000
 263    0.00286670    0.00130990    1.00000000    1.00000000    1.00000000
 264    0.00290418    0.00132702    1.00000000    1.00000000    1.00000000
 265    0.00294213    0.00134436    1.00000000    1.00000000    1.00000000
 266    0.00298055    0.00136192    1.00000000    1.00000000    1.00000000
 267    0.00301946    0.00137970    1.00000000    1.00000000    1.00000000
 268    0.00305886    0.00139771    1.00000000    1.00000000    1.00000000
 269    0.00309875    0.00141593    1.00000000    1.00000000    1.00000000
 270    0.00313914    0.00143439    1.00000000    1.00000000    1.00000000
 271    0.00318005    0.00145308    1.00000000    1.00000000    1.00000000
 272    0.00322146    0.00147201    1.00000000    1.00000000    1.00000000
 273    0.00326340    0.00149117    1.00000000    1.00000000    1.00000000
 274    0.00330587    0.00151058    1.00000000    1.00000000    1.00000000
 275    0.00334887    0.00153023    1.00000000    1.00000000    1.00000000
 276    0.00339241    0.00155013    1.00000000    1.00000000    1.00000000
 277    0.00343650    0.00157027    1.00000000    1.00000000    1.00000000
 278    0.00348114    0.00159067    1.00000000    1.00000000    1.00000000
 279    0.00352634    0.00161133    1.00000000    1.00000000    1.00000000
 280    0.00357212    0.00163225    1.00000000    1.00000000    1.00000000
 281    0.00361847    0.00165343    1.00000000    1.00000000    1.00000000
 282    0.00366540    0.00167487    1.00000000    1.00000000    1.00000000
 283    0.00371292    0.00169659    1.00000000    1.00000000    1.00000000
 284    0.00376104    0.00171858    1.00000000    1.00000000    1.00000000
 285    0.00380977    0.00174085    1.00000000    1.00000000    1.00000000
 286    0.00385910    0.00176339    1.00000000    1.00000000    1.00000000
 287    0.00390906    0.00178622    1.00000000    1.00000000    1.00000000
 288    0.00395965    0.00180934    1.00000000    1.00000000    1.00000000
 289    0.00401087    0.00183275    1.00000000    1.00000000    1.00000000
 290    0.00406274    0.00185645    1.00000000    1.00000000    1.00000000
 291    0.00411526    0.00188045    1.00000000    1.00000000    1.00000000
 292    0.00416844    0.00190475    0.99999999    1.00000000    1.00000000
 293    0.00422229    0.00192936    0.99999999    1.00000000    1.00000000
 294    0.00427682    0.00195428    0.99999999    1.00000000    1.00000000
 295    0.00433203    0.00197951    0.99999999    1.00000000    1.00000000
 296    0.00438794    0.00200506    0.99999999    1.00000000    1.00000000
 297    0.00444455    0.00203093    0.99999999    1.00000000    1.00000000
 298    0.00450187    0.00205713    0.99999999    1.00000000    1.00000000
 299    0.00455992    0.00208365    0.99999999    1.00000000    1.00000000
 300    0.00461869    0.00211051    0.99999999    1.00000000    1.00000000
 301    0.00467820    0.00213771    0.99999999    1.00000000    1.00000000
 302    0.00473847    0.00216525    0.99999999    1.00000000    1.00000000
 303    0.00479948    0.00219314    0.99999999    1.00000000    1.00000000
 304    0.00486127    0.00222137    0.99999999    1.00000000    1.00000000
 305    0.00492384    0.00224997    0.99999999    1.00000000    1.00000000
 306    0.00498719    0.00227892    0.99999999    1.00000000    1.00000000
 307    0.00505134    0.00230823    0.99999999    1.00000000    1.00000000
 308    0.00511629    0.00233792    0.99999999    1.00000000    1.00000000
 309    0.00518206    0.00236798    0.99999999    1.00000000    1.00000000
 310    0.00524866    0.00239842    0.99999999    1.00000000    1.00000000
 311    0.00531610    0.00242924    0.99999999    1.00000000    1.00000000
 312    0.00538439    0.00246044    0.99999999    1.00000000    1.00000000
 313    0.00545353    0.00249204    0.99999999    1.00000000    1.00000000
 314    0.00552354    0.00252404    0.99999999    1.00000000    1.00000000
 315    0.00559444    0.00255644    0.99999999    1.00000000    1.00000000
 316    0.00566623    0.00258925    0.99999999    1.00000000    1.00000000
 317    0.00573892    0.00262247    0.99999999    1.00000000    1.00000000
 318    0.00581252    0.00265611    0.99999999    1.00000000    1.00000000
 319    0.00588705    0.00269018    0.99999999    1.00000000    1.00000000
 320    0.00596252    0.00272467    0.99999998    1.00000000    1.00000000
 321    0.00603893    0.00275959    0.99999998    1.00000000    1.00000000
 322    0.00611631    0.00279496    0.99999998    1.00000000    1.00000000
 323    0.00619466    0.00283077    0.99999998    1.00000000    1.00000000
 324    0.00627400    0.00286703    0.99999998    1.00000000    1.00000000
 325    0.00635433    0.00290375    0.99999998    1.00000000    1.00000000
 326    0.00643568    0.00294093    0.99999998    1.00000000    1.00000000
 327    0.00651805    0.00297858    0.99999998    1.00000000    1.00000000
 328    0.00660145    0.00301670    0.99999998    1.00000000    1.00000000
 329    0.00668590    0.00305530    0.99999998    1.00000000    1.00000000
 330    0.00677142    0.00309439    0.99999998    1.00000000    1.00000000
 331    0.00685801    0.00313397    0.99999998    1.00000000    1.00000000
 332    0.00694569    0.00317404    0.99999998    1.00000000    1.00000000
 333    0.00703447    0.00321463    0.99999998    1.00000000    1.00000000
 334    0.00712437    0.00325572    0.99999997    1.00000000    1.00000000
 335    0.00721540    0.00329733    0.99999997    1.00000000    1.00000000
 336    0.00730758    0.00333946    0.99999997    1.00000000    1.00000000
 337    0.00740092    0.00338213    0.99999997    1.00000000    1.00000000
 338    0.00749542    0.00342533    0.99999997    1.00000000    1.00000000
 339    0.00759112    0.00346907    0.99999997    1.00000000    1.00000000
 340    0.00768802    0.00351337    0.99999997    1.00000000    1.00000000
 341    0.00778615    0.00355822    0.99999997    1.00000000    1.00000000
 342    0.00788550    0.00360364    0.99999997    1.00000000    1.00000000
 343    0.00798610    0.00364963    0.99999996    1.00000000    1.00000000
 344    0.00808797    0.00369620    0.99999996    1.00000000    1.00000000
 345    0.00819113    0.00374335    0.99999996    1.00000000    1.00000000
 346    0.00829557    0.00379110    0.99999996    1.00000000    1.00000000
 347    0.00840134    0.00383945    0.99999996    1.00000000    1.00000000
 348    0.00850843    0.00388841    0.99999996    1.00000000    1.00000000
 349    0.00861687    0.00393799    0.99999995    1.00000000    1.00000000
 350    0.00872667    0.00398819    0.99999995    1.00000000    1.00000000
 351    0.00883786    0.00403902    0.99999995    1.00000000    1.00000000
 352    0.00895044    0.00409049    0.99999995    1.00000000    1.00000000
 353    0.00906444    0.00414261    0.99999995    1.00000000    1.00000000
 354    0.00917988    0.00419539    0.99999995    1.00000000    1.00000000
 355    0.00929676    0.00424883    0.99999994    1.00000000    1.00000000
 356    0.00941512    0.00430294    0.99999994    1.00000000    1.00000000
 357    0.00953496    0.00435774    0.99999994    1.00000000    1.00000000
 358    0.00965632    0.00441323    0.99999994    1.00000000    1.00000000
 359    0.00977920    0.00446941    0.99999993    1.00000000    1.00000000
 360    0.00990362    0.00452630    0.99999993    1.00000000    1.00000000
 361    0.01002961    0.00458391    0.99999993    1.00000000    1.00000000
 362    0.01015718    0.00464225    0.99999993    1.00000000    1.00000000
 363    0.01028636    0.00470132    0.99999992    1.00000000    1.00000000
 364    0.01041717    0.00476113    0.99999992    1.00000000    1.00000000
 365    0.01054962    0.00482170    0.99999992    1.00000000    1.00000000
 366    0.01068373    0.00488303    0.99999991    1.00000000    1.00000000
 367    0.01081953    0.00494514    0.99999991    1.00000000    1.00000000
 368    0.01095704    0.00500802    0.99999991    1.00000000    1.00000000
 369    0.01109628    0.00507170    0.99999990    1.00000000    1.00000000
 370    0.01123727    0.00513618    0.99999990    1.00000000    1.00000000
 371    0.01138004    0.00520147    0.99999990    1.00000000    1.00000000
 372    0.01152460    0.00526759    0.99999989    1.00000000    1.00000000
 373    0.01167098    0.00533454    0.99999989    1.00000000    1.00000000
 374    0.01181920    0.00540233    0.99999988    1.00000000    1.00000000
 375    0.01196928    0.00547098    0.99999988    1.00000000    1.00000000
 376    0.01212125    0.00554050    0.99999987    1.00000000    1.00000000
 377    0.01227514    0.00561088    0.99999987    1.00000000    1.00000000
 378    0.01243096    0.00568216    0.99999986    1.00000000    1.00000000
 379    0.01258874    0.00575434    0.99999986    1.00000000    1.00000000
 380    0.01274850    0.00582742    0.99999985    1.00000000    1.00000000
 381    0.01291027    0.00590143    0.99999985    1.00000000    1.00000000
 382    0.01307408    0.00597637    0.99999984    1.00000000    1.00000000
 383    0.01323995    0.00605225    0.99999984    1.00000000    1.00000000
 384    0.01340791    0.00612910    0.99999983    1.00000000    1.00000000
 385    0.01357798    0.00620691    0.99999982    1.00000000    1.00000000
 386    0.01375018    0.00628570    0.99999982    1.00000000    1.00000000
 387    0.01392456    0.00636549    0.99999981    1.00000000    1.00000000
 388    0.01410112    0.00644628    0.99999980    1.00000000    1.00000000
 389    0.01427991    0.00652809    0.99999979    1.00000000    1.00000000
 390    0.01446095    0.00661094    0.99999979    1.00000000    1.00000000
 391    0.01464426    0.00669483    0.99999978    1.00000000    1.00000000
 392    0.01482988    0.00677977    0.99999977    1.00000000    1.00000000
 393    0.01501783    0.00686579    0.99999976    1.00000000    1.00000000
 394    0.01520815    0.00695290    0.99999975    1.00000000    1.00000000
 395    0.01540086    0.00704110    0.99999974    1.00000000    1.00000000
 396    0.01559600    0.00713042    0.99999973    0.99999999    0.99999999
 397    0.01579359    0.00722087    0.99999972    0.99999999    0.99999999
 398    0.01599367    0.00731246    0.99999971    0.99999999    0.99999999
 399    0.01619626    0.00740520    0.99999970    0.99999999    0.99999999
 400    0.01640140    0.00749911    0.99999969    0.99999999    0.99999999
 401    0.01660912    0.00759422    0.99999967    0.99999999    0.99999999
 402    0.01681946    0.00769052    0.99999966    0.99999999    0.99999999
 403    0.01703244    0.00778804    0.99999965    0.99999999    0.99999999
 404    0.01724810    0.00788679    0.99999964    0.99999999    0.99999999
 405    0.01746647    0.00798678    0.99999962    0.99999999    0.99999999
 406    0.01768759    0.00808804    0.99999961    0.99999999    0.99999999
 407    0.01791148    0.00819058    0.99999959    0.99999999    0.99999999
 408    0.01813820    0.00829442    0.99999958    0.99999999    0.99999999
 409    0.01836777    0.00839957    0.99999956    0.99999999    0.99999999
 410    0.01860022    0.00850605    0.99999954    0.99999999    0.99999999
 411    0.01883560    0.00861387    0.99999953    0.99999999    0.99999999
 412    0.01907394    0.00872306    0.99999951    0.99999999    0.99999999
 413    0.01931528    0.00883363    0.99999949    0.99999999    0.99999999
 414    0.01955965    0.00894559    0.99999947    0.99999999    0.99999999
 415    0.01980710    0.00905898    0.99999945    0.99999999    0.99999999
 416    0.02005766    0.00917379    0.99999943    0.99999999    0.99999999
 417    0.02031137    0.00929006    0.99999941    0.99999999    0.99999999
 418    0.02056828    0.00940780    0.99999938    0.99999999    0.99999999
 419    0.02082841    0.00952703    0.99999936    0.99999999    0.99999999
 420    0.02109182    0.00964777    0.99999933    0.99999999    0.99999999
 421    0.02135854    0.00977004    0.99999931    0.99999999    0.99999999
 422    0.02162861    0.00989386    0.99999928    0.99999999    0.99999999
 423    0.02190208    0.01001925    0.99999925    0.99999999    0.99999999
 424    0.02217899    0.01014622    0.99999923    0.99999999    0.99999999
 425    0.02245939    0.01027480    0.99999920    0.99999999    0.99999999
 426    0.02274331    0.01040501    0.99999916    0.99999998    0.99999998
 427    0.02303080    0.01053687    0.99999913    0.99999998    0.99999998
 428    0.02332191    0.01067041    0.99999910    0.99999998    0.99999998
 429    0.02361668    0.01080563    0.99999906    0.99999998    0.99999998
 430    0.02391516    0.01094257    0.99999903    0.99999998    0.99999998
 431    0.02421739    0.01108125    0.99999899    0.99999998    0.99999998
 432    0.02452343    0.01122168    0.99999895    0.99999998    0.99999998
 433    0.02483331    0.01136390    0.99999891    0.99999998    0.99999998
 434    0.02514709    0.01150792    0.99999887    0.99999998    0.99999998
 435    0.02546482    0.01165378    0.99999883    0.99999998    0.99999998
 436    0.02578655    0.01180148    0.99999878    0.99999998    0.99999998
 437    0.02611232    0.01195106    0.99999873    0.99999998    0.99999998
 438    0.02644219    0.01210254    0.99999869    0.99999998    0.99999998
 439    0.02677621    0.01225594    0.99999864    0.99999997    0.99999997
 440    0.02711443    0.01241129    0.99999858    0.99999997    0.99999997
 441    0.02745690    0.01256862    0.99999853    0.99999997    0.99999997
 442    0.02780369    0.01272795    0.99999847    0.99999997    0.99999997
 443    0.02815483    0.01288930    0.99999841    0.99999997    0.99999997
 444    0.02851039    0.01305271    0.99999835    0.99999997    0.99999997
 445    0.02887043    0.01321820    0.99999829    0.99999997    0.99999997
 446    0.02923499    0.01338579    0.99999822    0.99999997    0.99999997
 447    0.02960414    0.01355552    0.99999816    0.99999997    0.99999997
 448    0.02997793    0.01372741    0.99999808    0.99999996    0.99999996
 449    0.03035642    0.01390149    0.99999801    0.99999996    0.99999996
 450    0.03073968    0.01407779    0.99999793    0.99999996    0.99999996
 451    0.03112775    0.01425634    0.99999786    0.99999996    0.99999996
 452    0.03152071    0.01443716    0.99999777    0.99999996    0.99999996
 453    0.03191861    0.01462029    0.99999769    0.99999996    0.99999996
 454    0.03232151    0.01480576    0.99999760    0.99999996    0.99999996
 455    0.03272948    0.01499359    0.99999751    0.99999995    0.99999995
 456    0.03314259    0.01518383    0.99999741    0.99999995    0.99999995
 457    0.03356088    0.01537650    0.99999731    0.99999995    0.99999995
 458    0.03398445    0.01557162    0.99999721    0.99999995    0.99999995
 459    0.03441334    0.01576925    0.99999710    0.99999995    0.99999995
 460    0.03484762    0.01596940    0.99999699    0.99999994    0.99999994
 461    0.03528737    0.01617211    0.99999687    0.99999994    0.99999994
 462    0.03573264    0.01637742    0.99999675    0.99999994    0.99999994
 463    0.03618352    0.01658536    0.99999663    0.99999994    0.99999994
 464    0.03664007    0.01679596    0.99999650    0.99999993    0.99999993
 465    0.03710236    0.01700926    0.99999636    0.99999993    0.99999993
 466    0.03757047    0.01722530    0.99999622    0.99999993    0.99999993
 467    0.03804447    0.01744411    0.99999608    0.99999993    0.99999993
 468    0.03852442    0.01766573    0.99999593    0.99999992    0.99999992
 469    0.03901042    0.01789019    0.99999577    0.99999992    0.99999992
 470    0.03950253    0.01811754    0.99999561    0.99999992    0.99999992
 471    0.04000083    0.01834782    0.99999544    0.99999992    0.99999992
 472    0.04050539    0.01858105    0.99999526    0.99999991    0.99999991
 473    0.04101630    0.01881729    0.99999508    0.99999991    0.99999991
 474    0.04153364    0.01905657    0.99999489    0.99999990    0.99999990
 475    0.04205749    0.01929894    0.99999470    0.99999990    0.99999990
 476    0.04258792    0.01954443    0.99999449    0.99999990    0.99999990
 477    0.04312503    0.01979308    0.99999428    0.99999989    0.99999989
 478    0.04366889    0.02004495    0.99999406    0.99999989    0.99999989
 479    0.04421960    0.02030007    0.99999383    0.99999989    0.99999989
 480    0.04477723    0.02055849    0.99999360    0.99999988    0.99999988
 481    0.04534187    0.02082025    0.99999335    0.99999988    0.99999988
 482    0.04591362    0.02108539    0.99999309    0.99999987    0.99999987
 483    0.04649256    0.02135398    0.99999283    0.99999987    0.99999987
 484    0.04707878    0.02162604    0.99999255    0.99999986    0.99999986
 485    0.04767238    0.02190163    0.99999227    0.99999986    0.99999986
 486    0.04827344    0.02218080    0.99999197    0.99999985    0.99999985
 487    0.04888206    0.02246360    0.99999166    0.99999984    0.99999984
 488    0.04949834    0.02275007    0.99999134    0.99999984    0.99999984
 489    0.05012237    0.02304027    0.99999101    0.99999983    0.99999983
 490    0.05075425    0.02333425    0.99999066    0.99999983    0.99999983
 491    0.05139408    0.02363205    0.99999030    0.99999982    0.99999982
 492    0.05204195    0.02393375    0.99998993    0.99999981    0.99999981
 493    0.05269798    0.02423938    0.99998954    0.99999981    0.99999981
 494    0.05336225    0.02454900    0.99998914    0.99999980    0.99999980
 495    0.05403488    0.02486267    0.99998872    0.99999979    0.99999979
 496    0.05471598    0.02518045    0.99998828    0.99999978    0.99999978
 497    0.05540564    0.02550239    0.99998783    0.99999977    0.99999977
 498    0.05610397    0.02582855    0.99998736    0.99999976    0.99999976
 499    0.05681109    0.02615899    0.99998688    0.99999976    0.99999976
 500    0.05752710    0.02649377    0.99998637    0.99999975    0.99999975
 501    0.05825212    0.02683296    0.99998584    0.99999974    0.99999974
 502    0.05898626    0.02717661    0.99998530    0.99999973    0.99999973
 503    0.05972963    0.02752480    0.99998473    0.99999972    0.99999972
 504    0.06048236    0.02787757    0.99998414    0.99999970    0.99999970
 505    0.06124455    0.02823501    0.99998353    0.99999969    0.99999969
 506    0.06201633    0.02859717    0.99998290    0.99999968    0.99999968
 507    0.06279781    0.02896412    0.99998224    0.99999967    0.99999967
 508    0.06358913    0.02933594    0.99998155    0.99999966    0.99999966
 509    0.06439040    0.02971270    0.99998084    0.99999964    0.99999964
 510    0.06520175    0.03009446    0.99998010    0.99999963    0.99999963
 511    0.06602330    0.03048129    0.99997933    0.99999961    0.99999961
 512    0.06685519    0.03087328    0.99997853    0.99999960    0.99999960
 513    0.06769754    0.03127050    0.99997771    0.99999958    0.99999958
 514    0.06855049    0.03167302    0.99997684    0.99999957    0.99999957
 515    0.06941417    0.03208093    0.99997595    0.99999955    0.99999955
 516    0.07028871    0.03249429    0.99997502    0.99999953    0.99999953
 517    0.07117425    0.03291320    0.99997406    0.99999952    0.99999952
 518    0.07207093    0.03333774    0.99997305    0.99999950    0.99999950
 519    0.07297888    0.03376798    0.99997201    0.99999948    0.99999948
 520    0.07389826    0.03420402    0.99997093    0.99999946    0.99999946
 521    0.07482921    0.03464594    0.99996980    0.99999944    0.99999944
 522    0.07577186    0.03509383    0.99996864    0.99999942    0.99999942
 523    0.07672637    0.03554778    0.99996742    0.99999939    0.99999939
 524    0.07769288    0.03600788    0.99996616    0.99999937    0.99999937
 525    0.07867156    0.03647423    0.99996485    0.99999935    0.99999935
 526    0.07966254    0.03694691    0.99996349    0.99999932    0.99999932
 527    0.08066599    0.03742604    0.99996208    0.99999929    0.99999929
 528    0.08168206    0.03791170    0.99996061    0.99999927    0.99999927
 529    0.08271091    0.03840399    0.99995908    0.99999924    0.99999924
 530    0.08375270    0.03890303    0.99995749    0.99999921    0.99999921
 531    0.08480760    0.03940891    0.99995584    0.99999918    0.99999918
 532    0.08587577    0.03992174    0.99995413    0.99999915    0.99999915
 533    0.08695737    0.04044163    0.99995235    0.99999911    0.99999911
 534    0.08805257    0.04096869    0.99995050    0.99999908    0.99999908
 535    0.08916156    0.04150303    0.99994858    0.99999904    0.99999904
 536    0.09028449    0.04204477    0.99994658    0.99999901    0.99999901
 537    0.09142154    0.04259402    0.99994451    0.99999897    0.99999897
 538    0.09257290    0.04315091    0.99994235    0.99999893    0.99999893
 539    0.09373874    0.04371556    0.99994011    0.99999889    0.99999889
 540    0.09491925    0.04428808    0.99993778    0.99999885    0.99999885
 541    0.09611460    0.04486862    0.99993536    0.99999880    0.99999880
 542    0.09732499    0.04545728    0.99993284    0.99999875    0.99999875
 543    0.09855061    0.04605422    0.99993022    0.99999871    0.99999871
 544    0.09979164    0.04665956    0.99992750    0.99999866    0.99999866
 545    0.10104828    0.04727344    0.99992468    0.99999861    0.99999861
 546    0.10232073    0.04789600    0.99992174    0.99999855    0.99999855
 547    0.10360918    0.04852738    0.99991869    0.99999850    0.99999850
 548    0.10491384    0.04916773    0.99991551    0.99999844    0.99999844
 549    0.10623491    0.04981720    0.99991221    0.99999838    0.99999838
 550    0.10757260    0.05047593    0.99990878    0.99999832    0.99999832
 551    0.10892712    0.05114409    0.99990522    0.99999825    0.99999825
 552    0.11029867    0.05182183    0.99990151    0.99999818    0.99999818
 553    0.11168747    0.05250931    0.99989766    0.99999812    0.99999812
 554    0.11309374    0.05320669    0.99989365    0.99999804    0.99999804
 555    0.11451770    0.05391415    0.99988949    0.99999797    0.99999797
 556    0.11595958    0.05463185    0.99988516    0.99999789    0.99999789
 557    0.11741959    0.05535998    0.99988066    0.99999781    0.99999781
 558    0.11889796    0.05609870    0.99987597    0.99999773    0.99999773
 559    0.12039493    0.05684820    0.99987111    0.99999764    0.99999764
 560    0.12191073    0.05760866    0.99986604    0.99999755    0.99999755
 561    0.12344559    0.05838028    0.99986078    0.99999746    0.99999746
 562    0.12499977    0.05916325    0.99985531    0.99999736    0.99999736
 563    0.12657349    0.05995777    0.99984961    0.99999727    0.99999727
 564    0.12816700    0.06076403    0.99984369    0.99999716    0.99999716
 565    0.12978056    0.06158224    0.99983754    0.99999706    0.99999706
 566    0.13141442    0.06241261    0.99983113    0.99999695    0.99999695
 567    0.13306882    0.06325536    0.99982447    0.99999683    0.99999683
 568    0.13474404    0.06411071    0.99981754    0.99999671    0.99999671
 569    0.13644033    0.06497887    0.99981033    0.99999659    0.99999659
 570    0.13815796    0.06586008    0.99980284    0.99999647    0.99999647
 571    0.13989719    0.06675456    0.99979504    0.99999634    0.99999634
 572    0.14165829    0.06766256    0.99978693    0.99999620    0.99999620
 573    0.14344155    0.06858431    0.99977848    0.99999606    0.99999606
 574    0.14524724    0.06952007    0.99976970    0.99999592    0.99999592
 575    0.14707565    0.07047007    0.99976057    0.99999577    0.99999577
 576    0.14892705    0.07143459    0.99975106    0.99999562    0.99999562
 577    0.15080174    0.07241387    0.99974117    0.99999546    0.99999546
 578    0.15270000    0.07340820    0.99973087    0.99999530    0.99999530
 579    0.15462215    0.07441783    0.99972016    0.99999513    0.99999513
 580    0.15656848    0.07544304    0.99970902    0.99999496    0.99999496
 581    0.15853928    0.07648413    0.99969741    0.99999478    0.99999478
 582    0.16053488    0.07754137    0.99968534    0.99999460    0.99999460
 583    0.16255558    0.07861506    0.99967277    0.99999441    0.99999441
 584    0.16460169    0.07970549    0.99965969    0.99999422    0.99999422
 585    0.16667354    0.08081298    0.99964608    0.99999402    0.99999402
 586    0.16877145    0.08193782    0.99963190    0.99999382    0.99999382
 587    0.17089575    0.08308035    0.99961715    0.99999361    0.99999361
 588    0.17304678    0.08424086    0.99960179    0.99999340    0.99999340
 589    0.17522485    0.08541970    0.99958580    0.99999319    0.99999319
 590    0.17743033    0.08661720    0.99956915    0.99999296    0.99999296
 591    0.17966354    0.08783368    0.99955181    0.99999274    0.99999274
 592    0.18192485    0.08906950    0.99953376    0.99999251    0.99999251
 593    0.18421460    0.09032500    0.99951496    0.99999228    0.99999228
 594    0.18653315    0.09160054    0.99949538    0.99999204    0.99999204
 595    0.18888087    0.09289648    0.99947500    0.99999181    0.99999181
 596    0.19125811    0.09421318    0.99945376    0.99999157    0.99999157
 597    0.19366526    0.09555100    0.99943165    0.99999132    0.99999132
 598    0.19610269    0.09691034    0.99940861    0.99999108    0.99999108
 599    0.19857077    0.09829155    0.99938462    0.99999084    0.99999084
 600    0.20106990    0.09969504    0.99935963    0.99999059    0.99999059
 601    0.20360047    0.10112119    0.99933359    0.99999035    0.99999035
 602    0.20616286    0.10257040    0.99930646    0.99999011    0.99999011
 603    0.20875749    0.10404306    0.99927820    0.99998988    0.99998988
 604    0.21138475    0.10553957    0.99924875    0.99998965    0.99998965
 605    0.21404507    0.10706034    0.99921807    0.99998942    0.99998942
 606    0.21673884    0.10860579    0.99918609    0.99998921    0.99998921
 607    0.21946649    0.11017632    0.99915278    0.99998900    0.99998900
 608    0.22222846    0.11177235    0.99911806    0.99998881    0.99998881
 609    0.22502517    0.11339430    0.99908187    0.99998863    0.99998863
 610    0.22785705    0.11504259    0.99904416    0.99998847    0.99998847
 611    0.23072456    0.11671763    0.99900485    0.99998833    0.99998833
 612    0.23362813    0.11841986    0.99896387    0.99998821    0.99998821
 613    0.23656823    0.12014969    0.99892117    0.99998812    0.99998812
 614    0.23954531    0.12190755    0.99887664    0.99998805    0.99998805
 615    0.24255984    0.12369385    0.99883023    0.99998803    0.99998803
 616    0.24561228    0.12550903    0.99878185    0.99998804    0.99998804
 617    0.24870312    0.12735348    0.99873140    0.99998810    0.99998810
 618    0.25183284    0.12922763    0.99867881    0.99998820    0.99998820
 619    0.25500192    0.13113190    0.99862398    0.99998837    0.99998837
 620    0.25821087    0.13306667    0.99856680    0.99998859    0.99998859
 621    0.26146018    0.13503235    0.99850718    0.99998889    0.99998889
 622    0.26475036    0.13702933    0.99844501    0.99998927    0.99998927
 623    0.26808193    0.13905799    0.99838019    0.99998973    0.99998973
 624    0.27145540    0.14111870    0.99831259    0.99999029    0.99999029
 625    0.27487131    0.14321183    0.99824209    0.99999096    0.99999096
 626    0.27833018    0.14533771    0.99816857    0.99999175    0.99999175
 627    0.28183256    0.14749669    0.99809190    0.99999267    0.99999267
 628    0.28537899    0.14968908    0.99801193    0.99999373    0.99999373
 629    0.28897004    0.15191517    0.99792854    0.99999496    0.99999496
 630    0.29260625    0.15417525    0.99784157    0.99999637    0.99999637
 631    0.29628820    0.15646957    0.99775086    0.99999797    0.99999797
 632    0.30001646    0.15879836    0.99765625    0.99999979    0.99999979
 633    0.30379162    0.16116184    0.99755759    1.00000184    1.00000184
 634    0.30761427    0.16356017    0.99745468    1.00000415    1.00000415
 635    0.31148500    0.16599351    0.99734736    1.00000675    1.00000675
 636    0.31540441    0.16846197    0.99723543    1.00000966    1.00000966
 637    0.31937313    0.17096561    0.99711871    1.00001290    1.00001290
 638    0.32339177    0.17350449    0.99699697    1.00001653    1.00001653
 639    0.32746095    0.17607858    0.99687002    1.00002055    1.00002055
 640    0.33158132    0.17868785    0.99673764    1.00002503    1.00002503
 641    0.33575352    0.18133217    0.99659959    1.00002998    1.00002998
 642    0.33997819    0.18401141    0.99645565    1.00003547    1.00003547
 643    0.34425601    0.18672533    0.99630556    1.00004153    1.00004153
 644    0.34858763    0.18947368    0.99614908    1.00004821    1.00004821
 645    0.35297374    0.19225611    0.99598594    1.00005558    1.00005558
 646    0.35741502    0.19507221    0.99581588    1.00006368    1.00006368
 647    0.36191217    0.19792149    0.99563861    1.00007259    1.00007259
 648    0.36646588    0.20080340    0.99545385    1.00008237    1.00008237
 649    0.37107687    0.20371729    0.99526129    1.00009309    1.00009309
 650    0.37574586    0.20666243    0.99506063    1.00010483    1.00010483
 651    0.38047358    0.20963798    0.99485155    1.00011769    1.00011769
 652    0.38526076    0.21264303    0.99463374    1.00013173    1.00013173
 653    0.39010817    0.21567653    0.99440684    1.00014708    1.00014708
 654    0.39501654    0.21873736    0.99417052    1.00016382    1.00016382
 655    0.39998665    0.22182423    0.99392443    1.00018207    1.00018207
 656    0.40501928    0.22493579    0.99366821    1.00020194    1.00020194
 657    0.41011522    0.22807051    0.99340147    1.00022357    1.00022357
 658    0.41527525    0.23122674    0.99312386    1.00024707    1.00024707
 659    0.42050018    0.23440271    0.99283498    1.00027261    1.00027261
 660    0.42579084    0.23759647    0.99253444    1.00030032    1.00030032
 661    0.43114805    0.24080593    0.99222185    1.00033037    1.00033037
 662    0.43657264    0.24402883    0.99189679    1.00036293    1.00036293
 663    0.44206547    0.24726276    0.99155886    1.00039816    1.00039816
 664    0.44762738    0.25050511    0.99120765    1.00043627    1.00043627
 665    0.45325926    0.25375310    0.99084274    1.00047745    1.00047745
 666    0.45896198    0.25700375    0.99046371    1.00052190    1.00052190
 667    0.46473642    0.26025390    0.99007014    1.00056984    1.00056984
 668    0.47058351    0.26350017    0.98966162    1.00062150    1.00062150
 669    0.47650414    0.26673897    0.98923773    1.00067711    1.00067711
 670    0.48249924    0.26996651    0.98879806    1.00073692    1.00073692
 671    0.48856975    0.27317874    0.98834220    1.00080119    1.00080119
 672    0.49471662    0.27637142    0.98786976    1.00087017    1.00087017
 673    0.50094080    0.27954005    0.98738034    1.00094413    1.00094413
 674    0.50724328    0.28267989    0.98687357    1.00102334    1.00102334
 675    0.51362503    0.28578596    0.98634908    1.00110810    1.00110810
 676    0.52008706    0.28885301    0.98580654    1.00119867    1.00119867
 677    0.52663036    0.29187556    0.98524561    1.00129534    1.00129534
 678    0.53325597    0.29484784    0.98466601    1.00139841    1.00139841
 679    0.53996493    0.29776384    0.98406744    1.00150814    1.00150814
 680    0.54675827    0.30061727    0.98344968    1.00162481    1.00162481
 681    0.55363705    0.30340158    0.98281250    1.00174870    1.00174870
 682    0.56060237    0.30610993    0.98215574    1.00188004    1.00188004
 683    0.56765530    0.30873524    0.98147927    1.00201909    1.00201909
 684    0.57479694    0.31127013    0.98078298    1.00216606    1.00216606
 685    0.58202841    0.31370700    0.98006686    1.00232113    1.00232113
 686    0.58935084    0.31603793    0.97933092    1.00248447    1.00248447
 687    0.59676538    0.31825478    0.97857522    1.00265619    1.00265619
 688    0.60427318    0.32034915    0.97779992    1.00283636    1.00283636
 689    0.61187542    0.32231238    0.97700521    1.00302501    1.00302501
 690    0.61957328    0.32413560    0.97619138    1.00322209    1.00322209
 691    0.62736797    0.32580968    0.97535878    1.00342749    1.00342749
 692    0.63526071    0.32732531    0.97450784    1.00364102    1.00364102
 693    0.64325272    0.32867296    0.97363909    1.00386240    1.00386240
 694    0.65134526    0.32984292    0.97275314    1.00409124    1.00409124
 695    0.65953959    0.33082531    0.97185069    1.00432705    1.00432705
 696    0.66783700    0.33161010    0.97093255    1.00456920    1.00456920
 697    0.67623877    0.33218716    0.96999962    1.00481694    1.00481694
 698    0.68474623    0.33254622    0.96905291    1.00506937    1.00506937
 699    0.69336069    0.33267696    0.96809354    1.00532540    1.00532540
 700    0.70208351    0.33256900    0.96712274    1.00558379    1.00558379
 701    0.71091605    0.33221195    0.96614183    1.00584310    1.00584310
 702    0.71985969    0.33159541    0.96515227    1.00610170    1.00610170
 703    0.72891583    0.33070907    0.96415561    1.00635771    1.00635771
 704    0.73808588    0.32954266    0.96315352    1.00660907    1.00660907
 705    0.74737127    0.32808606    0.96214778    1.00685343    1.00685343
 706    0.75677346    0.32632929    0.96114026    1.00708823    1.00708823
 707    0.76629392    0.32426260    0.96013295    1.00731064    1.00731064
 708    0.77593413    0.32187646    0.95912793    1.00751756    1.00751756
 709    0.78569559    0.31916164    0.95812736    1.00770562    1.00770562
 710    0.79557985    0.31610926    0.95713349    1.00787119    1.00787119
 711    0.80558843    0.31271081    0.95614864    1.00801037    1.00801037
 712    0.81572290    0.30895823    0.95517519    1.00811900    1.00811900
 713    0.82598485    0.30484392    0.95421558    1.00819265    1.00819265
 714    0.83637587    0.30036085    0.95327226    1.00822668    1.00822668
 715    0.84689760    0.29550253    0.95234773    1.00821620    1.00821620
 716    0.85755168    0.29026313    0.95144447    1.00815614    1.00815614
 717    0.86833977    0.28463750    0.95056497    1.00804128    1.00804128
 718    0.87926356    0.27862120    0.94971164    1.00786623    1.00786623
 719    0.89032475    0.27221059    0.94888689    1.00762556    1.00762556
 720    0.90152507    0.26540283    0.94809301    1.00731379    1.00731379
 721    0.91286628    0.25819596    0.94733222    1.00692544    1.00692544
 722    0.92435014    0.25058890    0.94660657    1.00645516    1.00645516
 723    0.93597845    0.24258153    0.94591801    1.00589771    1.00589771
 724    0.94775303    0.23417466    0.94526827    1.00524812    1.00524812
 725    0.95967571    0.22537014    0.94465891    1.00450173    1.00450173
 726    0.97174836    0.21617080    0.94409122    1.00365429    1.00365429
 727    0.98397287    0.20658051    0.94356627    1.00270205    1.00270205
 728    0.99635114    0.19660419    0.94308481    1.00164186    1.00164186
 729    1.00888511    0.18624779    0.94264731    1.00047127    1.00047127
 730    1.02157674    0.17551828    0.94225387    0.99918865    0.99918865
 731    1.03442802    0.16442367    0.94190426    0.99779323    0.99779323
 732    1.04744094    0.15297296    0.94159784    0.99628528    0.99628528
 733    1.06061754    0.14117610    0.94133358    0.99466613    0.99466613
 734    1.07395988    0.12904396    0.94111000    0.99293828    0.99293828
 735    1.08747005    0.11658829    0.94092521    0.99110546    0.99110546
 736    1.10115016    0.10382164    0.94077683    0.98917269    0.98917269
 737    1.11500234    0.09075728    0.94066202    0.98714631    0.98714631
 738    1.12902876    0.07740915    0.94057744    0.98503398    0.98503398
 739    1.14323161    0.06379175    0.94051928    0.98284470    0.98284470
 740    1.15761311    0.04992006    0.94048322    0.98058876    0.98058876
 741    1.17217551    0.03580943    0.94046443    0.97827766    0.97827766
 742    1.18692108    0.02147548    0.94045759    0.97592403    0.97592403
 743    1.20185212    0.00693404    0.94045686    0.97354153    0.97354153
 744    1.21697098   -0.00779902    0.94045594    0.97114467    0.97114467
 745    1.23228001   -0.02270782    0.94044800    0.96874866    0.96874866
 746    1.24778160   -0.03777655    0.94042574    0.96636920    0.96636920
 747    1.26347818   -0.05298956    0.94038138    0.96402233    0.96402233
 748    1.27937219   -0.06833135    0.94030671    0.96172417    0.96172417
 749    1.29546613   -0.08378662    0.94019302    0.95949078    0.95949078
 750    1.31176251   -0.09934020    0.94003119    0.95733795    0.95733795
 751    1.32826386   -0.11497701    0.93981168    0.95528111    0.95528111
 752    1.34497278   -0.13068192    0.93952454    0.95333524    0.95333524
 753    1.36189188   -0.14643957    0.93915945    0.95151494    0.95151494
 754    1.37902379   -0.16223421    0.93870571    0.94983499    0.94983499
 755    1.39637119   -0.17804984    0.93815233    0.94831071    0.94831071
 756    1.41393679   -0.19387044    0.93748797    0.94695753    0.94695753
 757    1.43172334   -0.20968002    0.93670108    0.94579060    0.94579060
 758    1.44973362   -0.22546256    0.93577982    0.94482474    0.94482474
 759    1.46797044   -0.24120214    0.93471219    0.94407432    0.94407432
 760    1.48643666   -0.25688286    0.93348599    0.94355321    0.94355321
 761    1.50513515   -0.27248894    0.93208893    0.94327463    0.94327463
 762    1.52406883   -0.28800470    0.93050861    0.94325112    0.94325112
 763    1.54324068   -0.30341459    0.92873258    0.94349439    0.94349439
 764    1.56265367   -0.31870323    0.92674842    0.94401527    0.94401527
 765    1.58231085   -0.33385538    0.92454372    0.94482363    0.94482363
 766    1.60221529   -0.34885603    0.92210617    0.94592827    0.94592827
 767    1.62237009   -0.36369036    0.91942358    0.94733684    0.94733684
 768    1.64277841   -0.37834379    0.91648396    0.94905579    0.94905579
 769    1.66344344   -0.39280198    0.91327551    0.95109030    0.95109030
 770    1.68436840   -0.40705085    0.90978673    0.95344416    0.95344416
 771    1.70555656   -0.42107662    0.90600643    0.95611979    0.95611979
 772    1.72701124   -0.43486578    0.90192376    0.95911810    0.95911810
 773    1.74873579   -0.44840515    0.89752831    0.96243854    0.96243854
 774    1.77073359   -0.46168185    0.89281011    0.96607894    0.96607894
 775    1.79300810   -0.47468336    0.88775969    0.97003560    0.97003560
 776    1.81556278   -0.48739748    0.88236812    0.97430317    0.97430317
 777    1.83840116   -0.49981238    0.87662708    0.97887468    0.97887468
 778    1.86152682   -0.51191660    0.87052884    0.98374150    0.98374150
 779    1.88494336   -0.52369902    0.86406638    0.98889340    0.98889340
 780    1.90865445   -0.53514893    0.85723337    0.99431849    0.99431849
 781    1.93266378   -0.54625597    0.85002422    1.00000332    1.00000332
 782    1.95697512   -0.55701018    0.84243414    1.00593287    1.00593287
 783    1.98159225   -0.56740197    0.83445914    1.01209062    1.01209062
 784    2.00651903   -0.57742211    0.82609609    1.01845863    1.01845863
 785    2.03175935   -0.58706176    0.81734275    1.02501762    1.02501762
 786    2.05731716   -0.59631240    0.80819777    1.03174704    1.03174704
 787    2.08319644   -0.60516588    0.79866075    1.03862521    1.03862521
 788    2.10940124   -0.61361437    0.78873226    1.04562937    1.04562937
 789    2.13593566   -0.62165032    0.77841383    1.05273584    1.05273584
 790    2.16280384   -0.62926651    0.76770803    1.05992007    1.05992007
 791    2.19000998   -0.63645595    0.75661845    1.06715670    1.06715670
 792    2.21755833   -0.64321194    0.74514972    1.07441967    1.07441967
 793    2.24545320   -0.64952798    0.73330755    1.08168217    1.08168217
 794    2.27369894   -0.65539784    0.72109870    1.08891672    1.08891672
 795    2.30229997   -0.66081549    0.70853107    1.09609505    1.09609505
 796    2.33126075   -0.66577513    0.69561361    1.10318813    1.10318813
 797    2.36058582   -0.67027120    0.68235641    1.11016608    1.11016608
 798    2.39027975   -0.67429840    0.66877067    1.11699743    1.11699743
 799    2.42034719   -0.67785175    0.65486867    1.12365117    1.12365117
 800    2.45079283   -0.68092643    0.64066381    1.13009530    1.13009530
 801    2.48162142   -0.68351799    0.62617058    1.13629544    1.13629544
 802    2.51283779   -0.68562233    0.61140454    1.14221700    1.14221700
 803    2.54444682   -0.68723571    0.59638233    1.14782453    1.14782453
 804    2.57645344   -0.68835480    0.58112157    1.15308181    1.15308181
 805    2.60886265   -0.68897664    0.56564093    1.15795202    1.15795202
 806    2.64167952   -0.68909874    0.54996001    1.16239786    1.16239786
 807    2.67490917   -0.68871904    0.53409934    1.16638175    1.16638175
 808    2.70855681   -0.68783594    0.51808033    1.16986602    1.16986602
 809    2.74262767   -0.68644832    0.50192520    1.17281312    1.17281312
 810    2.77712710   -0.68455552    0.48565695    1.17518580    1.17518580
 811    2.81206048   -0.68215738    0.46929929    1.17694735    1.17694735
 812    2.84743326   -0.67925420    0.45287656    1.17806179    1.17806179
 813    2.88325098   -0.67584679    0.43641367    1.17849404    1.17849404
 814    2.91951923   -0.67193642    0.41993605    1.17821017    1.17821017
 815    2.95624368   -0.66752485    0.40346954    1.17717755    1.17717755
 816    2.99343006   -0.66261429    0.38704031    1.17536507    1.17536507
 817    3.03108419   -0.65720744    0.37067482    1.17274326    1.17274326
 818    3.06921196   -0.65130744    0.35439967    1.16928454    1.16928454
 819    3.10781931   -0.64491790    0.33824157    1.16496335    1.16496335
 820    3.14691228   -0.63804284    0.32222720    1.15975631    1.15975631
 821    3.18649698   -0.63068674    0.30638315    1.15364239    1.15364239
 822    3.22657960   -0.62285448    0.29073580    1.14660308    1.14660308
 823    3.26716639   -0.61455137    0.27531124    1.13862249    1.13862249
 824    3.30826370   -0.60578310    0.26013518    1.12968756    1.12968756
 825    3.34987795   -0.59655573    0.24523280    1.11978814    1.11978814
 826    3.39201565   -0.58687573    0.23062870    1.10891712    1.10891712
 827    3.43468337   -0.57674988    0.21634680    1.09707058    1.09707058
 828    3.47788778   -0.56618533    0.20241020    1.08424787    1.08424787
 829    3.52163564   -0.55518952    0.18884111    1.07045171    1.07045171
 830    3.56593378   -0.54377021    0.17566073    1.05568829    1.05568829
 831    3.61078913   -0.53193544    0.16288918    1.03996733    1.03996733
 832    3.65620868   -0.51969349    0.15054538    1.02330217    1.02330217
 833    3.70219954   -0.50705292    0.13864695    1.00570980    1.00570980
 834    3.74876890   -0.49402246    0.12721014    0.98721089    0.98721089
 835    3.79592402   -0.48061105    0.11624970    0.96782988    0.96782988
 836    3.84367228   -0.46682778    0.10577884    0.94759492    0.94759492
 837    3.89202115   -0.45268190    0.09580909    0.92653794    0.92653794
 838    3.94097816   -0.43818271    0.08635027    0.90469463    0.90469463
 839    3.99055098   -0.42333963    0.07741036    0.88210439    0.88210439
 840    4.04074735   -0.40816207    0.06899546    0.85881035    0.85881035
 841    4.09157512   -0.39265945    0.06110968    0.83485931    0.83485931
 842    4.14304221   -0.37684111    0.05375510    0.81030168    0.81030168
 843    4.19515669   -0.36071633    0.04693170    0.78519141    0.78519141
 844    4.24792668   -0.34429418    0.04063724    0.75958590    0.75958590
 845    4.30136043   -0.32758356    0.03486730    0.73354591    0.73354591
 846    4.35546631   -0.31059308    0.02961512    0.70713538    0.70713538
 847    4.41025274   -0.29333100    0.02487161    0.68042125    0.68042125
 848    4.46572831   -0.27580516    0.02062523    0.65347332    0.65347332
 849    4.52190168   -0.25802293    0.01686202    0.62636386    0.62636386
 850    4.57878162   -0.23999107    0.01356546    0.59916474    0.59916474
 851    4.63637702   -0.22171585    0.01071646    0.57190204    0.57190204
 852    4.69469688   -0.20320554    0.00829321    0.54430906    0.54430906
 853    4.75375031   -0.18448550    0.00627074    0.51540623    0.51540623
 854    4.81354655   -0.16562878    0.00462008    0.48344460    0.48344460
 855    4.87409492   -0.14678288    0.00330739    0.44651445    0.44651445
 856    4.93540491   -0.12817493    0.00229383    0.40342161    0.40342161
 857    4.99748608   -0.11009427    0.00153664    0.35431768    0.35431768
 858    5.06034813   -0.09286027    0.00099119    0.30084108    0.30084108
 859    5.12400089   -0.07678528    0.00061354    0.24577997    0.24577997
 860    5.18845431   -0.06214032    0.00036310    0.19242544    0.19242544
 861    5.25371844   -0.04912881    0.00020459    0.14384931    0.14384931
 862    5.31980350   -0.03787077    0.00010922    0.10232217    0.10232217
 863    5.38671981   -0.02839795    0.00005492    0.06900586    0.06900586
 864    5.45447782   -0.02065883    0.00002582    0.04394723    0.04394723
 865    5.52308813   -0.01453137    0.00001124    0.02630907    0.02630907
 866    5.59256144   -0.00984057    0.00000447    0.01472383    0.01472383
 867    5.66290862   -0.00637832    0.00000159    0.00765303    0.00765303
 868    5.73414066   -0.00392267    0.00000049    0.00366770    0.00366770
 869    5.80626869   -0.00225429    0.00000012    0.00161222    0.00161222
 870    5.87930397   -0.00116814    0.00000002    0.00065689    0.00065689
 871    5.95325793   -0.00047724   -0.00000000    0.00027221    0.00027221
 872    6.02814211   -0.00000000   -0.00000000    0.00004290    0.00004290
 873    6.10396822    0.00000000   -0.00000000   -0.00000000   -0.00000000
 874    6.18074811    0.00000000   -0.00000000   -0.00000000   -0.00000000
 875    6.25849377   -0.00000000   -0.00000000   -0.00000000   -0.00000000
