   1    0.00000000    0.00000000    1.00000000    1.00000000    1.00000000
   2    0.00000056    0.00000001    1.00000000    1.00000000    1.00000000
   3    0.00000112    0.00000002    1.00000000    1.00000000    1.00000000
   4    0.00000169    0.00000004    1.00000000    1.00000000    1.00000000
   5    0.00000227    0.00000005    1.00000000    1.00000000    1.00000000
   6    0.00000285    0.00000006    1.00000000    1.00000000    1.00000000
   7    0.00000345    0.00000007    1.00000000    1.00000000    1.00000000
   8    0.00000405    0.00000009    1.00000000    1.00000000    1.00000000
   9    0.00000466    0.00000010    1.00000000    1.00000000    1.00000000
  10    0.00000527    0.00000011    1.00000000    1.00000000    1.00000000
  11    0.00000589    0.00000013    1.00000000    1.00000000    1.00000000
  12    0.00000652    0.00000014    1.00000000    1.00000000    1.00000000
  13    0.00000716    0.00000015    1.00000000    1.00000000    1.00000000
  14    0.00000781    0.00000017    1.00000000    1.00000000    1.00000000
  15    0.00000847    0.00000018    1.00000000    1.00000000    1.00000000
  16    0.00000913    0.00000019    1.00000000    1.00000000    1.00000000
  17    0.00000980    0.00000021    1.00000000    1.00000000    1.00000000
  18    0.00001048    0.00000022    1.00000000    1.00000000    1.00000000
  19    0.00001117    0.00000024    1.00000000    1.00000000    1.00000000
  20    0.00001187    0.00000025    1.00000000    1.00000000    1.00000000
  21    0.00001257    0.00000027    1.00000000    1.00000000    1.00000000
  22    0.00001329    0.00000028    1.00000000    1.00000000    1.00000000
  23    0.00001401    0.00000030    1.00000000    1.00000000    1.00000000
  24    0.00001474    0.00000031    1.00000000    1.00000000    1.00000000
  25    0.00001549    0.00000033    1.00000000    1.00000000    1.00000000
  26    0.00001624    0.00000034    1.00000000    1.00000000    1.00000000
  27    0.00001700    0.00000036    1.00000000    1.00000000    1.00000000
  28    0.00001777    0.00000038    1.00000000    1.00000000    1.00000000
  29    0.00001855    0.00000039    1.00000000    1.00000000    1.00000000
  30    0.00001934    0.00000041    1.00000000    1.00000000    1.00000000
  31    0.00002014    0.00000043    1.00000000    1.00000000    1.00000000
  32    0.00002095    0.00000044    1.00000000    1.00000000    1.00000000
  33    0.00002177    0.00000046    1.00000000    1.00000000    1.00000000
  34    0.00002260    0.00000048    1.00000000    1.00000000    1.00000000
  35    0.00002344    0.00000050    1.00000000    1.00000000    1.00000000
  36    0.00002429    0.00000052    1.00000000    1.00000000    1.00000000
  37    0.00002516    0.00000053    1.00000000    1.00000000    1.00000000
  38    0.00002603    0.00000055    1.00000000    1.00000000    1.00000000
  39    0.00002691    0.00000057    1.00000000    1.00000000    1.00000000
  40    0.00002781    0.00000059    1.00000000    1.00000000    1.00000000
  41    0.00002871    0.00000061    1.00000000    1.00000000    1.00000000
  42    0.00002963    0.00000063    1.00000000    1.00000000    1.00000000
  43    0.00003056    0.00000065    1.00000000    1.00000000    1.00000000
  44    0.00003150    0.00000067    1.00000000    1.00000000    1.00000000
  45    0.00003246    0.00000069    1.00000000    1.00000000    1.00000000
  46    0.00003342    0.00000071    1.00000000    1.00000000    1.00000000
  47    0.00003440    0.00000073    1.00000000    1.00000000    1.00000000
  48    0.00003539    0.00000075    1.00000000    1.00000000    1.00000000
  49    0.00003639    0.00000077    1.00000000    1.00000000    1.00000000
  50    0.00003740    0.00000079    1.00000000    1.00000000    1.00000000
  51    0.00003843    0.00000082    1.00000000    1.00000000    1.00000000
  52    0.00003947    0.00000084    1.00000000    1.00000000    1.00000000
  53    0.00004052    0.00000086    1.00000000    1.00000000    1.00000000
  54    0.00004159    0.00000088    1.00000000    1.00000000    1.00000000
  55    0.00004267    0.00000091    1.00000000    1.00000000    1.00000000
  56    0.00004376    0.00000093    1.00000000    1.00000000    1.00000000
  57    0.00004487    0.00000095    1.00000000    1.00000000    1.00000000
  58    0.00004599    0.00000098    1.00000000    1.00000000    1.00000000
  59    0.00004713    0.00000100    1.00000000    1.00000000    1.00000000
  60    0.00004828    0.00000102    1.00000000    1.00000000    1.00000000
  61    0.00004944    0.00000105    1.00000000    1.00000000    1.00000000
  62    0.00005062    0.00000107    1.00000000    1.00000000    1.00000000
  63    0.00005181    0.00000110    1.00000000    1.00000000    1.00000000
  64    0.00005302    0.00000112    1.00000000    1.00000000    1.00000000
  65    0.00005425    0.00000115    1.00000000    1.00000000    1.00000000
  66    0.00005549    0.00000118    1.00000000    1.00000000    1.00000000
  67    0.00005674    0.00000120    1.00000000    1.00000000    1.00000000
  68    0.00005801    0.00000123    1.00000000    1.00000000    1.00000000
  69    0.00005930    0.00000126    1.00000000    1.00000000    1.00000000
  70    0.00006060    0.00000129    1.00000000    1.00000000    1.00000000
  71    0.00006192    0.00000131    1.00000000    1.00000000    1.00000000
  72    0.00006325    0.00000134    1.00000000    1.00000000    1.00000000
  73    0.00006461    0.00000137    1.00000000    1.00000000    1.00000000
  74    0.00006598    0.00000140    1.00000000    1.00000000    1.00000000
  75    0.00006736    0.00000143    1.00000000    1.00000000    1.00000000
  76    0.00006877    0.00000146    1.00000000    1.00000000    1.00000000
  77    0.00007019    0.00000149    1.00000000    1.00000000    1.00000000
  78    0.00007163    0.00000152    1.00000000    1.00000000    1.00000000
  79    0.00007309    0.00000155    1.00000000    1.00000000    1.00000000
  80    0.00007456    0.00000158    1.00000000    1.00000000    1.00000000
  81    0.00007606    0.00000161    1.00000000    1.00000000    1.00000000
  82    0.00007757    0.00000165    1.00000000    1.00000000    1.00000000
  83    0.00007910    0.00000168    1.00000000    1.00000000    1.00000000
  84    0.00008065    0.00000171    1.00000000    1.00000000    1.00000000
  85    0.00008223    0.00000174    1.00000000    1.00000000    1.00000000
  86    0.00008382    0.00000178    1.00000000    1.00000000    1.00000000
  87    0.00008543    0.00000181    1.00000000    1.00000000    1.00000000
  88    0.00008706    0.00000185    1.00000000    1.00000000    1.00000000
  89    0.00008871    0.00000188    1.00000000    1.00000000    1.00000000
  90    0.00009038    0.00000192    1.00000000    1.00000000    1.00000000
  91    0.00009208    0.00000195    1.00000000    1.00000000    1.00000000
  92    0.00009379    0.00000199    1.00000000    1.00000000    1.00000000
  93    0.00009553    0.00000203    1.00000000    1.00000000    1.00000000
  94    0.00009729    0.00000206    1.00000000    1.00000000    1.00000000
  95    0.00009907    0.00000210    1.00000000    1.00000000    1.00000000
  96    0.00010087    0.00000214    1.00000000    1.00000000    1.00000000
  97    0.00010270    0.00000218    1.00000000    1.00000000    1.00000000
  98    0.00010454    0.00000222    1.00000000    1.00000000    1.00000000
  99    0.00010642    0.00000226    1.00000000    1.00000000    1.00000000
 100    0.00010831    0.00000230    1.00000000    1.00000000    1.00000000
 101    0.00011023    0.00000234    1.00000000    1.00000000    1.00000000
 102    0.00011217    0.00000238    1.00000000    1.00000000    1.00000000
 103    0.00011414    0.00000242    1.00000000    1.00000000    1.00000000
 104    0.00011613    0.00000246    1.00000000    1.00000000    1.00000000
 105    0.00011815    0.00000251    1.00000000    1.00000000    1.00000000
 106    0.00012020    0.00000255    1.00000000    1.00000000    1.00000000
 107    0.00012226    0.00000259    1.00000000    1.00000000    1.00000000
 108    0.00012436    0.00000264    1.00000000    1.00000000    1.00000000
 109    0.00012648    0.00000268    1.00000000    1.00000000    1.00000000
 110    0.00012863    0.00000273    1.00000000    1.00000000    1.00000000
 111    0.00013080    0.00000278    1.00000000    1.00000000    1.00000000
 112    0.00013300    0.00000282    1.00000000    1.00000000    1.00000000
 113    0.00013523    0.00000287    1.00000000    1.00000000    1.00000000
 114    0.00013749    0.00000292    1.00000000    1.00000000    1.00000000
 115    0.00013978    0.00000297    1.00000000    1.00000000    1.00000000
 116    0.00014209    0.00000301    1.00000000    1.00000000    1.00000000
 117    0.00014444    0.00000306    1.00000000    1.00000000    1.00000000
 118    0.00014681    0.00000311    1.00000000    1.00000000    1.00000000
 119    0.00014921    0.00000317    1.00000000    1.00000000    1.00000000
 120    0.00015165    0.00000322    1.00000000    1.00000000    1.00000000
 121    0.00015411    0.00000327    1.00000000    1.00000000    1.00000000
 122    0.00015661    0.00000332    1.00000000    1.00000000    1.00000000
 123    0.00015913    0.00000338    1.00000000    1.00000000    1.00000000
 124    0.00016169    0.00000343    1.00000000    1.00000000    1.00000000
 125    0.00016428    0.00000349    1.00000000    1.00000000    1.00000000
 126    0.00016691    0.00000354    1.00000000    1.00000000    1.00000000
 127    0.00016956    0.00000360    1.00000000    1.00000000    1.00000000
 128    0.00017225    0.00000365    1.00000000    1.00000000    1.00000000
 129    0.00017497    0.00000371    1.00000000    1.00000000    1.00000000
 130    0.00017773    0.00000377    1.00000000    1.00000000    1.00000000
 131    0.00018052    0.00000383    1.00000000    1.00000000    1.00000000
 132    0.00018335    0.00000389    1.00000000    1.00000000    1.00000000
 133    0.00018622    0.00000395    1.00000000    1.00000000    1.00000000
 134    0.00018911    0.00000401    1.00000000    1.00000000    1.00000000
 135    0.00019205    0.00000407    1.00000000    1.00000000    1.00000000
 136    0.00019502    0.00000414    1.00000000    1.00000000    1.00000000
 137    0.00019803    0.00000420    1.00000000    1.00000000    1.00000000
 138    0.00020108    0.00000427    1.00000000    1.00000000    1.00000000
 139    0.00020417    0.00000433    1.00000000    1.00000000    1.00000000
 140    0.00020729    0.00000440    1.00000000    1.00000000    1.00000000
 141    0.00021046    0.00000446    1.00000000    1.00000000    1.00000000
 142    0.00021366    0.00000453    1.00000000    1.00000000    1.00000000
 143    0.00021690    0.00000460    1.00000000    1.00000000    1.00000000
 144    0.00022019    0.00000467    1.00000000    1.00000000    1.00000000
 145    0.00022351    0.00000474    1.00000000    1.00000000    1.00000000
 146    0.00022688    0.00000481    1.00000000    1.00000000    1.00000000
 147    0.00023029    0.00000489    1.00000000    1.00000000    1.00000000
 148    0.00023375    0.00000496    1.00000000    1.00000000    1.00000000
 149    0.00023724    0.00000503    1.00000000    1.00000000    1.00000000
 150    0.00024078    0.00000511    1.00000000    1.00000000    1.00000000
 151    0.00024437    0.00000518    1.00000000    1.00000000    1.00000000
 152    0.00024800    0.00000526    1.00000000    1.00000000    1.00000000
 153    0.00025168    0.00000534    1.00000000    1.00000000    1.00000000
 154    0.00025540    0.00000542    1.00000000    1.00000000    1.00000000
 155    0.00025917    0.00000550    1.00000000    1.00000000    1.00000000
 156    0.00026299    0.00000558    1.00000000    1.00000000    1.00000000
 157    0.00026685    0.00000566    1.00000000    1.00000000    1.00000000
 158    0.00027076    0.00000574    1.00000000    1.00000000    1.00000000
 159    0.00027473    0.00000583    1.00000000    1.00000000    1.00000000
 160    0.00027874    0.00000591    1.00000000    1.00000000    1.00000000
 161    0.00028280    0.00000600    1.00000000    1.00000000    1.00000000
 162    0.00028692    0.00000609    1.00000000    1.00000000    1.00000000
 163    0.00029108    0.00000618    1.00000000    1.00000000    1.00000000
 164    0.00029530    0.00000626    1.00000000    1.00000000    1.00000000
 165    0.00029957    0.00000636    1.00000000    1.00000000    1.00000000
 166    0.00030390    0.00000645    1.00000000    1.00000000    1.00000000
 167    0.00030827    0.00000654    1.00000000    1.00000000    1.00000000
 168    0.00031271    0.00000663    1.00000000    1.00000000    1.00000000
 169    0.00031720    0.00000673    1.00000000    1.00000000    1.00000000
 170    0.00032175    0.00000683    1.00000000    1.00000000    1.00000000
 171    0.00032635    0.00000692    1.00000000    1.00000000    1.00000000
 172    0.00033101    0.00000702    1.00000000    1.00000000    1.00000000
 173    0.00033573    0.00000712    1.00000000    1.00000000    1.00000000
 174    0.00034051    0.00000722    1.00000000    1.00000000    1.00000000
 175    0.00034535    0.00000733    1.00000000    1.00000000    1.00000000
 176    0.00035025    0.00000743    1.00000000    1.00000000    1.00000000
 177    0.00035521    0.00000754    1.00000000    1.00000000    1.00000000
 178    0.00036024    0.00000764    1.00000000    1.00000000    1.00000000
 179    0.00036533    0.00000775    1.00000000    1.00000000    1.00000000
 180    0.00037048    0.00000786    1.00000000    1.00000000    1.00000000
 181    0.00037570    0.00000797    1.00000000    1.00000000    1.00000000
 182    0.00038098    0.00000808    1.00000000    1.00000000    1.00000000
 183    0.00038633    0.00000820    1.00000000    1.00000000    1.00000000
 184    0.00039174    0.00000831    1.00000000    1.00000000    1.00000000
 185    0.00039723    0.00000843    1.00000000    1.00000000    1.00000000
 186    0.00040278    0.00000855    1.00000000    1.00000000    1.00000000
 187    0.00040840    0.00000866    1.00000000    1.00000000    1.00000000
 188    0.00041410    0.00000879    1.00000000    1.00000000    1.00000000
 189    0.00041986    0.00000891    1.00000000    1.00000000    1.00000000
 190    0.00042570    0.00000903    1.00000000    1.00000000    1.00000000
 191    0.00043161    0.00000916    1.00000000    1.00000000    1.00000000
 192    0.00043760    0.00000928    1.00000000    1.00000000    1.00000000
 193    0.00044366    0.00000941    1.00000000    1.00000000    1.00000000
 194    0.00044980    0.00000954    1.00000000    1.00000000    1.00000000
 195    0.00045601    0.00000967    1.00000000    1.00000000    1.00000000
 196    0.00046230    0.00000981    1.00000000    1.00000000    1.00000000
 197    0.00046868    0.00000994    1.00000000    1.00000000    1.00000000
 198    0.00047513    0.00001008    1.00000000    1.00000000    1.00000000
 199    0.00048166    0.00001022    1.00000000    1.00000000    1.00000000
 200    0.00048828    0.00001036    1.00000000    1.00000000    1.00000000
 201    0.00049498    0.00001050    1.00000000    1.00000000    1.00000000
 202    0.00050176    0.00001065    1.00000000    1.00000000    1.00000000
 203    0.00050863    0.00001079    1.00000000    1.00000000    1.00000000
 204    0.00051558    0.00001094    1.00000000    1.00000000    1.00000000
 205    0.00052262    0.00001109    1.00000000    1.00000000    1.00000000
 206    0.00052975    0.00001124    1.00000000    1.00000000    1.00000000
 207    0.00053697    0.00001139    1.00000000    1.00000000    1.00000000
 208    0.00054428    0.00001155    1.00000000    1.00000000    1.00000000
 209    0.00055169    0.00001170    1.00000000    1.00000000    1.00000000
 210    0.00055918    0.00001186    1.00000000    1.00000000    1.00000000
 211    0.00056677    0.00001202    1.00000000    1.00000000    1.00000000
 212    0.00057446    0.00001219    1.00000000    1.00000000    1.00000000
 213    0.00058224    0.00001235    1.00000000    1.00000000    1.00000000
 214    0.00059012    0.00001252    1.00000000    1.00000000    1.00000000
 215    0.00059810    0.00001269    1.00000000    1.00000000    1.00000000
 216    0.00060618    0.00001286    1.00000000    1.00000000    1.00000000
 217    0.00061436    0.00001303    1.00000000    1.00000000    1.00000000
 218    0.00062265    0.00001321    1.00000000    1.00000000    1.00000000
 219    0.00063104    0.00001339    1.00000000    1.00000000    1.00000000
 220    0.00063953    0.00001357    1.00000000    1.00000000    1.00000000
 221    0.00064813    0.00001375    1.00000000    1.00000000    1.00000000
 222    0.00065684    0.00001394    1.00000000    1.00000000    1.00000000
 223    0.00066566    0.00001412    1.00000000    1.00000000    1.00000000
 224    0.00067459    0.00001431    1.00000000    1.00000000    1.00000000
 225    0.00068363    0.00001450    1.00000000    1.00000000    1.00000000
 226    0.00069279    0.00001470    1.00000000    1.00000000    1.00000000
 227    0.00070206    0.00001489    1.00000000    1.00000000    1.00000000
 228    0.00071145    0.00001509    1.00000000    1.00000000    1.00000000
 229    0.00072095    0.00001530    1.00000000    1.00000000    1.00000000
 230    0.00073058    0.00001550    1.00000000    1.00000000    1.00000000
 231    0.00074032    0.00001571    1.00000000    1.00000000    1.00000000
 232    0.00075019    0.00001592    1.00000000    1.00000000    1.00000000
 233    0.00076019    0.00001613    1.00000000    1.00000000    1.00000000
 234    0.00077031    0.00001634    1.00000000    1.00000000    1.00000000
 235    0.00078055    0.00001656    1.00000000    1.00000000    1.00000000
 236    0.00079093    0.00001678    1.00000000    1.00000000    1.00000000
 237    0.00080143    0.00001700    1.00000000    1.00000000    1.00000000
 238    0.00081207    0.00001723    1.00000000    1.00000000    1.00000000
 239    0.00082284    0.00001746    1.00000000    1.00000000    1.00000000
 240    0.00083375    0.00001769    1.00000000    1.00000000    1.00000000
 241    0.00084479    0.00001792    1.00000000    1.00000000    1.00000000
 242    0.00085597    0.00001816    1.00000000    1.00000000    1.00000000
 243    0.00086730    0.00001840    1.00000000    1.00000000    1.00000000
 244    0.00087876    0.00001864    1.00000000    1.00000000    1.00000000
 245    0.00089037    0.00001889    1.00000000    1.00000000    1.00000000
 246    0.00090213    0.00001914    1.00000000    1.00000000    1.00000000
 247    0.00091403    0.00001939    1.00000000    1.00000000    1.00000000
 248    0.00092609    0.00001965    1.00000000    1.00000000    1.00000000
 249    0.00093829    0.00001991    1.00000000    1.00000000    1.00000000
 250    0.00095065    0.00002017    1.00000000    1.00000000    1.00000000
 251    0.00096317    0.00002043    1.00000000    1.00000000    1.00000000
 252    0.00097584    0.00002070    1.00000000    1.00000000    1.00000000
 253    0.00098867    0.00002098    1.00000000    1.00000000    1.00000000
 254    0.00100166    0.00002125    1.00000000    1.00000000    1.00000000
 255    0.00101482    0.00002153    1.00000000    1.00000000    1.00000000
 256    0.00102814    0.00002181    1.00000000    1.00000000    1.00000000
 257    0.00104163    0.00002210    1.00000000    1.00000000    1.00000000
 258    0.00105529    0.00002239    1.00000000    1.00000000    1.00000000
 259    0.00106912    0.00002268    1.00000000    1.00000000    1.00000000
 260    0.00108312    0.00002298    1.00000000    1.00000000    1.00000000
 261    0.00109731    0.00002328    1.00000000    1.00000000    1.00000000
 262    0.00111166    0.00002359    1.00000000    1.00000000    1.00000000
 263    0.00112620    0.00002389    1.00000000    1.00000000    1.00000000
 264    0.00114093    0.00002421    1.00000000    1.00000000    1.00000000
 265    0.00115584    0.00002452    1.00000000    1.00000000    1.00000000
 266    0.00117093    0.00002484    1.00000000    1.00000000    1.00000000
 267    0.00118622    0.00002517    1.00000000    1.00000000    1.00000000
 268    0.00120169    0.00002550    1.00000000    1.00000000    1.00000000
 269    0.00121737    0.00002583    1.00000000    1.00000000    1.00000000
 270    0.00123323    0.00002616    1.00000000    1.00000000    1.00000000
 271    0.00124930    0.00002651    1.00000000    1.00000000    1.00000000
 272    0.00126557    0.00002685    1.00000000    1.00000000    1.00000000
 273    0.00128205    0.00002720    1.00000000    1.00000000    1.00000000
 274    0.00129873    0.00002755    1.00000000    1.00000000    1.00000000
 275    0.00131563    0.00002791    1.00000000    1.00000000    1.00000000
 276    0.00133273    0.00002828    1.00000000    1.00000000    1.00000000
 277    0.00135005    0.00002864    1.00000000    1.00000000    1.00000000
 278    0.00136759    0.00002902    1.00000000    1.00000000    1.00000000
 279    0.00138535    0.00002939    1.00000000    1.00000000    1.00000000
 280    0.00140333    0.00002977    1.00000000    1.00000000    1.00000000
 281    0.00142154    0.00003016    1.00000000    1.00000000    1.00000000
 282    0.00143998    0.00003055    1.00000000    1.00000000    1.00000000
 283    0.00145865    0.00003095    1.00000000    1.00000000    1.00000000
 284    0.00147755    0.00003135    1.00000000    1.00000000    1.00000000
 285    0.00149669    0.00003176    1.00000000    1.00000000    1.00000000
 286    0.00151608    0.00003217    1.00000000    1.00000000    1.00000000
 287    0.00153570    0.00003258    1.00000000    1.00000000    1.00000000
 288    0.00155558    0.00003301    1.00000000    1.00000000    1.00000000
 289    0.00157570    0.00003343    1.00000000    1.00000000    1.00000000
 290    0.00159608    0.00003386    1.00000000    1.00000000    1.00000000
 291    0.00161671    0.00003430    1.00000000    1.00000000    1.00000000
 292    0.00163760    0.00003475    1.00000000    1.00000000    1.00000000
 293    0.00165876    0.00003519    1.00000000    1.00000000    1.00000000
 294    0.00168018    0.00003565    1.00000000    1.00000000    1.00000000
 295    0.00170187    0.00003611    1.00000000    1.00000000    1.00000000
 296    0.00172383    0.00003658    1.00000000    1.00000000    1.00000000
 297    0.00174607    0.00003705    1.00000000    1.00000000    1.00000000
 298    0.00176859    0.00003753    1.00000000    1.00000000    1.00000000
 299    0.00179140    0.00003801    1.00000000    1.00000000    1.00000000
 300    0.00181449    0.00003850    1.00000000    1.00000000    1.00000000
 301    0.00183787    0.00003900    1.00000000    1.00000000    1.00000000
 302    0.00186154    0.00003950    1.00000000    1.00000000    1.00000000
 303    0.00188551    0.00004001    1.00000000    1.00000000    1.00000000
 304    0.00190979    0.00004052    1.00000000    1.00000000    1.00000000
 305    0.00193436    0.00004104    1.00000000    1.00000000    1.00000000
 306    0.00195925    0.00004157    1.00000000    1.00000000    1.00000000
 307    0.00198445    0.00004211    1.00000000    1.00000000    1.00000000
 308    0.00200997    0.00004265    1.00000000    1.00000000    1.00000000
 309    0.00203581    0.00004320    1.00000000    1.00000000    1.00000000
 310    0.00206197    0.00004375    1.00000000    1.00000000    1.00000000
 311    0.00208847    0.00004431    1.00000000    1.00000000    1.00000000
 312    0.00211529    0.00004488    1.00000000    1.00000000    1.00000000
 313    0.00214246    0.00004546    1.00000000    1.00000000    1.00000000
 314    0.00216996    0.00004604    1.00000000    1.00000000    1.00000000
 315    0.00219782    0.00004664    1.00000000    1.00000000    1.00000000
 316    0.00222602    0.00004723    1.00000000    1.00000000    1.00000000
 317    0.00225457    0.00004784    1.00000000    1.00000000    1.00000000
 318    0.00228349    0.00004845    1.00000000    1.00000000    1.00000000
 319    0.00231277    0.00004908    1.00000000    1.00000000    1.00000000
 320    0.00234242    0.00004971    1.00000000    1.00000000    1.00000000
 321    0.00237244    0.00005034    1.00000000    1.00000000    1.00000000
 322    0.00240284    0.00005099    1.00000000    1.00000000    1.00000000
 323    0.00243362    0.00005164    1.00000000    1.00000000    1.00000000
 324    0.00246479    0.00005230    1.00000000    1.00000000    1.00000000
 325    0.00249634    0.00005297    1.00000000    1.00000000    1.00000000
 326    0.00252830    0.00005365    1.00000000    1.00000000    1.00000000
 327    0.00256066    0.00005434    1.00000000    1.00000000    1.00000000
 328    0.00259343    0.00005503    1.00000000    1.00000000    1.00000000
 329    0.00262660    0.00005574    1.00000000    1.00000000    1.00000000
 330    0.00266020    0.00005645    1.00000000    1.00000000    1.00000000
 331    0.00269422    0.00005717    1.00000000    1.00000000    1.00000000
 332    0.00272866    0.00005791    1.00000000    1.00000000    1.00000000
 333    0.00276354    0.00005865    1.00000000    1.00000000    1.00000000
 334    0.00279886    0.00005940    1.00000000    1.00000000    1.00000000
 335    0.00283462    0.00006016    1.00000000    1.00000000    1.00000000
 336    0.00287084    0.00006092    1.00000000    1.00000000    1.00000000
 337    0.00290750    0.00006170    1.00000000    1.00000000    1.00000000
 338    0.00294463    0.00006249    1.00000000    1.00000000    1.00000000
 339    0.00298223    0.00006329    1.00000000    1.00000000    1.00000000
 340    0.00302030    0.00006410    1.00000000    1.00000000    1.00000000
 341    0.00305884    0.00006492    1.00000000    1.00000000    1.00000000
 342    0.00309787    0.00006575    1.00000000    1.00000000    1.00000000
 343    0.00313740    0.00006658    1.00000000    1.00000000    1.00000000
 344    0.00317742    0.00006743    1.00000000    1.00000000    1.00000000
 345    0.00321794    0.00006830    1.00000000    1.00000000    1.00000000
 346    0.00325898    0.00006917    1.00000000    1.00000000    1.00000000
 347    0.00330053    0.00007005    1.00000000    1.00000000    1.00000000
 348    0.00334260    0.00007094    1.00000000    1.00000000    1.00000000
 349    0.00338520    0.00007185    1.00000000    1.00000000    1.00000000
 350    0.00342834    0.00007276    1.00000000    1.00000000    1.00000000
 351    0.00347202    0.00007369    1.00000000    1.00000000    1.00000000
 352    0.00351625    0.00007463    1.00000000    1.00000000    1.00000000
 353    0.00356103    0.00007558    1.00000000    1.00000000    1.00000000
 354    0.00360638    0.00007655    1.00000000    1.00000000    1.00000000
 355    0.00365230    0.00007752    1.00000000    1.00000000    1.00000000
 356    0.00369880    0.00007851    1.00000000    1.00000000    1.00000000
 357    0.00374588    0.00007951    1.00000000    1.00000000    1.00000000
 358    0.00379355    0.00008052    1.00000000    1.00000000    1.00000000
 359    0.00384183    0.00008155    1.00000000    1.00000000    1.00000000
 360    0.00389071    0.00008259    1.00000000    1.00000000    1.00000000
 361    0.00394020    0.00008364    1.00000000    1.00000000    1.00000000
 362    0.00399032    0.00008470    1.00000000    1.00000000    1.00000000
 363    0.00404107    0.00008578    1.00000000    1.00000000    1.00000000
 364    0.00409246    0.00008688    1.00000000    1.00000000    1.00000000
 365    0.00414449    0.00008798    1.00000000    1.00000000    1.00000000
 366    0.00419718    0.00008910    1.00000000    1.00000000    1.00000000
 367    0.00425053    0.00009024    1.00000000    1.00000000    1.00000000
 368    0.00430455    0.00009138    1.00000000    1.00000000    1.00000000
 369    0.00435925    0.00009255    1.00000000    1.00000000    1.00000000
 370    0.00441464    0.00009372    1.00000000    1.00000000    1.00000000
 371    0.00447073    0.00009492    1.00000000    1.00000000    1.00000000
 372    0.00452752    0.00009612    1.00000000    1.00000000    1.00000000
 373    0.00458503    0.00009735    1.00000000    1.00000000    1.00000000
 374    0.00464326    0.00009859    1.00000000    1.00000000    1.00000000
 375    0.00470222    0.00009984    1.00000000    1.00000000    1.00000000
 376    0.00476192    0.00010111    1.00000000    1.00000000    1.00000000
 377    0.00482238    0.00010239    1.00000000    1.00000000    1.00000000
 378    0.00488359    0.00010370    1.00000000    1.00000000    1.00000000
 379    0.00494558    0.00010502    1.00000000    1.00000000    1.00000000
 380    0.00500834    0.00010635    1.00000000    1.00000000    1.00000000
 381    0.00507189    0.00010770    1.00000000    1.00000000    1.00000000
 382    0.00513625    0.00010907    1.00000000    1.00000000    1.00000000
 383    0.00520141    0.00011046    1.00000000    1.00000000    1.00000000
 384    0.00526739    0.00011186    1.00000000    1.00000000    1.00000000
 385    0.00533420    0.00011328    1.00000000    1.00000000    1.00000000
 386    0.00540186    0.00011472    1.00000000    1.00000000    1.00000000
 387    0.00547036    0.00011618    1.00000000    1.00000000    1.00000000
 388    0.00553973    0.00011766    1.00000000    1.00000000    1.00000000
 389    0.00560996    0.00011915    1.00000000    1.00000000    1.00000000
 390    0.00568109    0.00012067    1.00000000    1.00000000    1.00000000
 391    0.00575310    0.00012220    1.00000000    1.00000000    1.00000000
 392    0.00582602    0.00012375    1.00000000    1.00000000    1.00000000
 393    0.00589986    0.00012533    1.00000000    1.00000000    1.00000000
 394    0.00597463    0.00012692    1.00000000    1.00000000    1.00000000
 395    0.00605034    0.00012853    1.00000000    1.00000000    1.00000000
 396    0.00612700    0.00013016    1.00000000    1.00000000    1.00000000
 397    0.00620462    0.00013182    1.00000000    1.00000000    1.00000000
 398    0.00628323    0.00013349    1.00000000    1.00000000    1.00000000
 399    0.00636282    0.00013519    1.00000000    1.00000000    1.00000000
 400    0.00644341    0.00013690    1.00000000    1.00000000    1.00000000
 401    0.00652501    0.00013864    1.00000000    1.00000000    1.00000000
 402    0.00660764    0.00014040    1.00000000    1.00000000    1.00000000
 403    0.00669131    0.00014219    1.00000000    1.00000000    1.00000000
 404    0.00677604    0.00014399    1.00000000    1.00000000    1.00000000
 405    0.00686183    0.00014582    1.00000000    1.00000000    1.00000000
 406    0.00694869    0.00014768    1.00000000    1.00000000    1.00000000
 407    0.00703665    0.00014955    1.00000000    1.00000000    1.00000000
 408    0.00712572    0.00015145    1.00000000    1.00000000    1.00000000
 409    0.00721591    0.00015338    1.00000000    1.00000000    1.00000000
 410    0.00730723    0.00015532    1.00000000    1.00000000    1.00000000
 411    0.00739970    0.00015730    1.00000000    1.00000000    1.00000000
 412    0.00749333    0.00015930    1.00000000    1.00000000    1.00000000
 413    0.00758815    0.00016132    1.00000000    1.00000000    1.00000000
 414    0.00768415    0.00016337    1.00000000    1.00000000    1.00000000
 415    0.00778136    0.00016545    1.00000000    1.00000000    1.00000000
 416    0.00787980    0.00016755    1.00000000    1.00000000    1.00000000
 417    0.00797947    0.00016968    1.00000000    1.00000000    1.00000000
 418    0.00808039    0.00017183    1.00000000    1.00000000    1.00000000
 419    0.00818259    0.00017402    1.00000000    1.00000000    1.00000000
 420    0.00828607    0.00017623    1.00000000    1.00000000    1.00000000
 421    0.00839085    0.00017847    1.00000000    1.00000000    1.00000000
 422    0.00849695    0.00018074    1.00000000    1.00000000    1.00000000
 423    0.00860439    0.00018303    1.00000000    1.00000000    1.00000000
 424    0.00871318    0.00018536    1.00000000    1.00000000    1.00000000
 425    0.00882333    0.00018772    1.00000000    1.00000000    1.00000000
 426    0.00893487    0.00019010    1.00000000    1.00000000    1.00000000
 427    0.00904782    0.00019252    1.00000000    1.00000000    1.00000000
 428    0.00916218    0.00019497    1.00000000    1.00000000    1.00000000
 429    0.00927798    0.00019745    1.00000000    1.00000000    1.00000000
 430    0.00939524    0.00019996    1.00000000    1.00000000    1.00000000
 431    0.00951398    0.00020250    1.00000000    1.00000000    1.00000000
 432    0.00963420    0.00020508    1.00000000    1.00000000    1.00000000
 433    0.00975594    0.00020769    1.00000000    1.00000000    1.00000000
 434    0.00987922    0.00021033    1.00000000    1.00000000    1.00000000
 435    0.01000404    0.00021301    1.00000000    1.00000000    1.00000000
 436    0.01013043    0.00021572    1.00000000    1.00000000    1.00000000
 437    0.01025841    0.00021846    1.00000000    1.00000000    1.00000000
 438    0.01038800    0.00022125    1.00000000    1.00000000    1.00000000
 439    0.01051923    0.00022406    1.00000000    1.00000000    1.00000000
 440    0.01065210    0.00022692    1.00000000    1.00000000    1.00000000
 441    0.01078664    0.00022981    1.00000000    1.00000000    1.00000000
 442    0.01092288    0.00023273    1.00000000    1.00000000    1.00000000
 443    0.01106083    0.00023570    1.00000000    1.00000000    1.00000000
 444    0.01120051    0.00023870    1.00000000    1.00000000    1.00000000
 445    0.01134195    0.00024174    1.00000000    1.00000000    1.00000000
 446    0.01148517    0.00024482    1.00000000    1.00000000    1.00000000
 447    0.01163020    0.00024795    1.00000000    1.00000000    1.00000000
 448    0.01177704    0.00025111    1.00000000    1.00000000    1.00000000
 449    0.01192574    0.00025431    1.00000000    1.00000000    1.00000000
 450    0.01207630    0.00025755    1.00000000    1.00000000    1.00000000
 451    0.01222876    0.00026084    1.00000000    1.00000000    1.00000000
 452    0.01238314    0.00026417    1.00000000    1.00000000    1.00000000
 453    0.01253945    0.00026754    1.00000000    1.00000000    1.00000000
 454    0.01269774    0.00027096    1.00000000    1.00000000    1.00000000
 455    0.01285801    0.00027442    1.00000000    1.00000000    1.00000000
 456    0.01302030    0.00027792    1.00000000    1.00000000    1.00000000
 457    0.01318463    0.00028147    1.00000000    1.00000000    1.00000000
 458    0.01335103    0.00028507    1.00000000    1.00000000    1.00000000
 459    0.01351952    0.00028872    1.00000000    1.00000000    1.00000000
 460    0.01369014    0.00029241    1.00000000    1.00000000    1.00000000
 461    0.01386289    0.00029615    1.00000000    1.00000000    1.00000000
 462    0.01403782    0.00029994    1.00000000    1.00000000    1.00000000
 463    0.01421495    0.00030378    1.00000000    1.00000000    1.00000000
 464    0.01439431    0.00030767    1.00000000    1.00000000    1.00000000
 465    0.01457593    0.00031161    1.00000000    1.00000000    1.00000000
 466    0.01475983    0.00031560    1.00000000    1.00000000    1.00000000
 467    0.01494604    0.00031965    1.00000000    1.00000000    1.00000000
 468    0.01513460    0.00032374    1.00000000    1.00000000    1.00000000
 469    0.01532552    0.00032790    1.00000000    1.00000000    1.00000000
 470    0.01551885    0.00033210    1.00000000    1.00000000    1.00000000
 471    0.01571461    0.00033637    1.00000000    1.00000000    1.00000000
 472    0.01591283    0.00034069    1.00000000    1.00000000    1.00000000
 473    0.01611355    0.00034506    1.00000000    1.00000000    1.00000000
 474    0.01631679    0.00034950    1.00000000    1.00000000    1.00000000
 475    0.01652258    0.00035399    1.00000000    1.00000000    1.00000000
 476    0.01673097    0.00035855    1.00000000    1.00000000    1.00000000
 477    0.01694198    0.00036316    1.00000000    1.00000000    1.00000000
 478    0.01715564    0.00036784    1.00000000    1.00000000    1.00000000
 479    0.01737198    0.00037257    1.00000000    1.00000000    1.00000000
 480    0.01759105    0.00037737    1.00000000    1.00000000    1.00000000
 481    0.01781288    0.00038224    1.00000000    1.00000000    1.00000000
 482    0.01803749    0.00038717    1.00000000    1.00000000    1.00000000
 483    0.01826494    0.00039217    1.00000000    1.00000000    1.00000000
 484    0.01849524    0.00039723    1.00000000    1.00000000    1.00000000
 485    0.01872843    0.00040237    1.00000000    1.00000000    1.00000000
 486    0.01896457    0.00040757    1.00000000    1.00000000    1.00000000
 487    0.01920367    0.00041284    1.00000000    1.00000000    1.00000000
 488    0.01944578    0.00041819    1.00000000    1.00000000    1.00000000
 489    0.01969093    0.00042360    1.00000000    1.00000000    1.00000000
 490    0.01993917    0.00042909    1.00000000    1.00000000    1.00000000
 491    0.02019053    0.00043466    1.00000000    1.00000000    1.00000000
 492    0.02044505    0.00044030    1.00000000    1.00000000    1.00000000
 493    0.02070278    0.00044602    1.00000000    1.00000000    1.00000000
 494    0.02096374    0.00045182    1.00000000    1.00000000    1.00000000
 495    0.02122799    0.00045769    1.00000000    1.00000000    1.00000000
 496    0.02149556    0.00046365    1.00000000    1.00000000    1.00000000
 497    0.02176650    0.00046969    1.00000000    1.00000000    1.00000000
 498    0.02204085    0.00047581    1.00000000    1.00000000    1.00000000
 499    0.02231864    0.00048202    1.00000000    1.00000000    1.00000000
 500    0.02259993    0.00048832    1.00000000    1.00000000    1.00000000
 501    0.02288476    0.00049470    1.00000000    1.00000000    1.00000000
 502    0.02317317    0.00050117    1.00000000    1.00000000    1.00000000
 503    0.02346521    0.00050773    1.00000000    1.00000000    1.00000000
 504    0.02376093    0.00051438    1.00000000    1.00000000    1.00000000
 505    0.02406036    0.00052113    1.00000000    1.00000000    1.00000000
 506    0.02436356    0.00052797    1.00000000    1.00000000    1.00000000
 507    0.02467057    0.00053491    1.00000000    1.00000000    1.00000000
 508    0.02498144    0.00054194    1.00000000    1.00000000    1.00000000
 509    0.02529623    0.00054908    1.00000000    1.00000000    1.00000000
 510    0.02561497    0.00055631    1.00000000    1.00000000    1.00000000
 511    0.02593773    0.00056365    1.00000000    1.00000000    1.00000000
 512    0.02626454    0.00057110    1.00000000    1.00000000    1.00000000
 513    0.02659546    0.00057865    1.00000000    1.00000000    1.00000000
 514    0.02693055    0.00058631    1.00000000    1.00000000    1.00000000
 515    0.02726985    0.00059408    1.00000000    1.00000000    1.00000000
 516    0.02761342    0.00060197    1.00000000    1.00000000    1.00000000
 517    0.02796131    0.00060996    1.00000000    1.00000000    1.00000000
 518    0.02831358    0.00061808    1.00000000    1.00000000    1.00000000
 519    0.02867028    0.00062631    1.00000000    1.00000000    1.00000000
 520    0.02903146    0.00063467    1.00000000    1.00000000    1.00000000
 521    0.02939719    0.00064314    1.00000000    1.00000000    1.00000000
 522    0.02976752    0.00065174    1.00000000    1.00000000    1.00000000
 523    0.03014250    0.00066047    1.00000000    1.00000000    1.00000000
 524    0.03052220    0.00066933    1.00000000    1.00000000    1.00000000
 525    0.03090668    0.00067832    1.00000000    1.00000000    1.00000000
 526    0.03129600    0.00068744    1.00000000    1.00000000    1.00000000
 527    0.03169021    0.00069671    0.99999999    1.00000000    1.00000000
 528    0.03208938    0.00070611    0.99999999    1.00000000    1.00000000
 529    0.03249357    0.00071565    0.99999999    1.00000000    1.00000000
 530    0.03290285    0.00072534    0.99999999    1.00000000    1.00000000
 531    0.03331727    0.00073517    0.99999999    1.00000000    1.00000000
 532    0.03373691    0.00074516    0.99999999    1.00000000    1.00000000
 533    0.03416182    0.00075530    0.99999999    1.00000000    1.00000000
 534    0.03459208    0.00076559    0.99999999    1.00000000    1.00000000
 535    0.03502775    0.00077605    0.99999999    1.00000000    1.00000000
 536    0.03546891    0.00078667    0.99999999    1.00000000    1.00000000
 537    0.03591561    0.00079745    0.99999999    1.00000000    1.00000000
 538    0.03636793    0.00080840    0.99999999    1.00000000    1.00000000
 539    0.03682593    0.00081953    0.99999999    1.00000000    1.00000000
 540    0.03728970    0.00083083    0.99999999    1.00000000    1.00000000
 541    0.03775931    0.00084231    0.99999999    1.00000000    1.00000000
 542    0.03823482    0.00085398    0.99999999    1.00000000    1.00000000
 543    0.03871631    0.00086583    0.99999999    1.00000000    1.00000000
 544    0.03920386    0.00087787    0.99999999    1.00000000    1.00000000
 545    0.03969754    0.00089011    0.99999999    1.00000000    1.00000000
 546    0.04019743    0.00090254    0.99999999    1.00000000    1.00000000
 547    0.04070361    0.00091518    0.99999999    1.00000000    1.00000000
 548    0.04121615    0.00092803    0.99999999    1.00000000    1.00000000
 549    0.04173514    0.00094109    0.99999999    1.00000000    1.00000000
 550    0.04226066    0.00095436    0.99999999    1.00000000    1.00000000
 551    0.04279280    0.00096786    0.99999999    1.00000000    1.00000000
 552    0.04333162    0.00098158    0.99999999    1.00000000    1.00000000
 553    0.04387722    0.00099554    0.99999999    1.00000000    1.00000000
 554    0.04442968    0.00100973    0.99999999    1.00000000    1.00000000
 555    0.04498910    0.00102416    0.99999998    1.00000000    1.00000000
 556    0.04555555    0.00103884    0.99999998    1.00000000    1.00000000
 557    0.04612912    0.00105377    0.99999998    1.00000000    1.00000000
 558    0.04670991    0.00106896    0.99999998    1.00000000    1.00000000
 559    0.04729801    0.00108442    0.99999998    1.00000000    1.00000000
 560    0.04789350    0.00110014    0.99999998    1.00000000    1.00000000
 561    0.04849648    0.00111615    0.99999998    1.00000000    1.00000000
 562    0.04910705    0.00113243    0.99999998    1.00000000    1.00000000
 563    0.04972530    0.00114901    0.99999998    1.00000000    1.00000000
 564    0.05035132    0.00116588    0.99999998    1.00000000    1.00000000
 565    0.05098522    0.00118306    0.99999998    1.00000000    1.00000000
 566    0.05162709    0.00120055    0.99999998    1.00000000    1.00000000
 567    0.05227704    0.00121835    0.99999998    1.00000000    1.00000000
 568    0.05293516    0.00123649    0.99999997    1.00000000    1.00000000
 569    0.05360156    0.00125496    0.99999997    1.00000000    1.00000000
 570    0.05427634    0.00127377    0.99999997    1.00000000    1.00000000
 571    0.05495961    0.00129293    0.99999997    1.00000000    1.00000000
 572    0.05565147    0.00131245    0.99999997    1.00000000    1.00000000
 573    0.05635204    0.00133234    0.99999997    1.00000000    1.00000000
 574    0.05706142    0.00135261    0.99999997    1.00000000    1.00000000
 575    0.05777972    0.00137327    0.99999997    1.00000000    1.00000000
 576    0.05850705    0.00139433    0.99999996    1.00000000    1.00000000
 577    0.05924354    0.00141579    0.99999996    1.00000000    1.00000000
 578    0.05998929    0.00143768    0.99999996    1.00000000    1.00000000
 579    0.06074442    0.00145999    0.99999996    1.00000000    1.00000000
 580    0.06150904    0.00148275    0.99999996    1.00000000    1.00000000
 581    0.06228329    0.00150595    0.99999996    1.00000000    1.00000000
 582    0.06306727    0.00152962    0.99999995    1.00000000    1.00000000
 583    0.06386112    0.00155377    0.99999995    1.00000000    1.00000000
 584    0.06466495    0.00157841    0.99999995    1.00000000    1.00000000
 585    0.06547889    0.00160355    0.99999995    1.00000000    1.00000000
 586    0.06630307    0.00162921    0.99999995    1.00000000    1.00000000
 587    0.06713762    0.00165540    0.99999994    1.00000000    1.00000000
 588    0.06798266    0.00168214    0.99999994    1.00000000    1.00000000
 589    0.06883834    0.00170943    0.99999994    1.00000000    1.00000000
 590    0.06970477    0.00173731    0.99999994    1.00000000    1.00000000
 591    0.07058211    0.00176577    0.99999993    1.00000000    1.00000000
 592    0.07147048    0.00179484    0.99999993    1.00000000    1.00000000
 593    0.07237002    0.00182454    0.99999993    1.00000000    1.00000000
 594    0.07328088    0.00185488    0.99999992    1.00000000    1.00000000
 595    0.07420320    0.00188588    0.99999992    1.00000000    1.00000000
 596    0.07513712    0.00191756    0.99999992    1.00000000    1.00000000
 597    0.07608278    0.00194995    0.99999991    1.00000000    1.00000000
 598    0.07704034    0.00198305    0.99999991    1.00000000    1.00000000
 599    0.07800995    0.00201690    0.99999991    1.00000000    1.00000000
 600    0.07899175    0.00205150    0.99999990    1.00000000    1.00000000
 601    0.07998590    0.00208689    0.99999990    1.00000000    1.00000000
 602    0.08099255    0.00212309    0.99999989    1.00000000    1.00000000
 603    0.08201187    0.00216013    0.99999989    1.00000000    1.00000000
 604    0.08304401    0.00219801    0.99999988    1.00000000    1.00000000
 605    0.08408913    0.00223678    0.99999988    1.00000000    1.00000000
 606    0.08514740    0.00227646    0.99999987    1.00000000    1.00000000
 607    0.08621898    0.00231708    0.99999987    1.00000000    1.00000000
 608    0.08730404    0.00235865    0.99999986    1.00000000    1.00000000
 609    0.08840274    0.00240122    0.99999985    1.00000000    1.00000000
 610    0.08951527    0.00244482    0.99999985    1.00000000    1.00000000
 611    0.09064179    0.00248946    0.99999984    1.00000000    1.00000000
 612    0.09178248    0.00253520    0.99999983    1.00000000    1.00000000
 613    0.09293752    0.00258205    0.99999983    1.00000000    1.00000000
 614    0.09410709    0.00263006    0.99999982    1.00000000    1.00000000
 615    0.09529136    0.00267925    0.99999981    1.00000000    1.00000000
 616    0.09649054    0.00272968    0.99999980    1.00000000    1.00000000
 617    0.09770480    0.00278136    0.99999979    1.00000000    1.00000000
 618    0.09893433    0.00283436    0.99999978    1.00000000    1.00000000
 619    0.10017933    0.00288869    0.99999977    1.00000000    1.00000000
 620    0.10143998    0.00294442    0.99999976    0.99999999    0.99999999
 621    0.10271650    0.00300158    0.99999975    0.99999999    0.99999999
 622    0.10400907    0.00306021    0.99999974    0.99999999    0.99999999
 623    0.10531790    0.00312036    0.99999972    0.99999999    0.99999999
 624    0.10664319    0.00318209    0.99999971    0.99999999    0.99999999
 625    0.10798516    0.00324544    0.99999970    0.99999999    0.99999999
 626    0.10934400    0.00331046    0.99999968    0.99999999    0.99999999
 627    0.11071993    0.00337721    0.99999966    0.99999999    0.99999999
 628    0.11211318    0.00344575    0.99999965    0.99999999    0.99999999
 629    0.11352394    0.00351612    0.99999963    0.99999999    0.99999999
 630    0.11495245    0.00358839    0.99999961    0.99999999    0.99999999
 631    0.11639894    0.00366263    0.99999959    0.99999999    0.99999999
 632    0.11786361    0.00373889    0.99999957    0.99999999    0.99999999
 633    0.11934671    0.00381724    0.99999955    0.99999999    0.99999999
 634    0.12084846    0.00389775    0.99999953    0.99999999    0.99999999
 635    0.12236911    0.00398048    0.99999950    0.99999999    0.99999999
 636    0.12390888    0.00406552    0.99999948    0.99999999    0.99999999
 637    0.12546801    0.00415294    0.99999945    0.99999999    0.99999999
 638    0.12704676    0.00424282    0.99999942    0.99999999    0.99999999
 639    0.12864537    0.00433523    0.99999939    0.99999999    0.99999999
 640    0.13026409    0.00443026    0.99999936    0.99999999    0.99999999
 641    0.13190317    0.00452800    0.99999933    0.99999998    0.99999998
 642    0.13356286    0.00462854    0.99999929    0.99999998    0.99999998
 643    0.13524343    0.00473197    0.99999925    0.99999998    0.99999998
 644    0.13694514    0.00483838    0.99999921    0.99999998    0.99999998
 645    0.13866826    0.00494787    0.99999917    0.99999998    0.99999998
 646    0.14041305    0.00506056    0.99999912    0.99999998    0.99999998
 647    0.14217978    0.00517654    0.99999908    0.99999998    0.99999998
 648    0.14396874    0.00529592    0.99999903    0.99999998    0.99999998
 649    0.14578020    0.00541881    0.99999897    0.99999998    0.99999998
 650    0.14761445    0.00554534    0.99999892    0.99999998    0.99999998
 651    0.14947176    0.00567563    0.99999886    0.99999997    0.99999997
 652    0.15135244    0.00580980    0.99999879    0.99999997    0.99999997
 653    0.15325678    0.00594799    0.99999872    0.99999997    0.99999997
 654    0.15518507    0.00609032    0.99999865    0.99999997    0.99999997
 655    0.15713761    0.00623693    0.99999858    0.99999997    0.99999997
 656    0.15911472    0.00638798    0.99999849    0.99999997    0.99999997
 657    0.16111669    0.00654360    0.99999841    0.99999997    0.99999997
 658    0.16314385    0.00670396    0.99999832    0.99999996    0.99999996
 659    0.16519650    0.00686921    0.99999822    0.99999996    0.99999996
 660    0.16727497    0.00703951    0.99999812    0.99999996    0.99999996
 661    0.16937959    0.00721505    0.99999800    0.99999996    0.99999996
 662    0.17151068    0.00739599    0.99999789    0.99999995    0.99999995
 663    0.17366858    0.00758251    0.99999776    0.99999995    0.99999995
 664    0.17585361    0.00777480    0.99999763    0.99999995    0.99999995
 665    0.17806614    0.00797307    0.99999749    0.99999995    0.99999995
 666    0.18030649    0.00817750    0.99999734    0.99999994    0.99999994
 667    0.18257502    0.00838831    0.99999718    0.99999994    0.99999994
 668    0.18487209    0.00860571    0.99999701    0.99999994    0.99999994
 669    0.18719805    0.00882993    0.99999682    0.99999993    0.99999993
 670    0.18955327    0.00906118    0.99999663    0.99999993    0.99999993
 671    0.19193811    0.00929972    0.99999642    0.99999993    0.99999993
 672    0.19435296    0.00954578    0.99999620    0.99999992    0.99999992
 673    0.19679817    0.00979962    0.99999596    0.99999992    0.99999992
 674    0.19927414    0.01006149    0.99999571    0.99999992    0.99999992
 675    0.20178126    0.01033168    0.99999544    0.99999991    0.99999991
 676    0.20431991    0.01061045    0.99999515    0.99999991    0.99999991
 677    0.20689050    0.01089809    0.99999485    0.99999990    0.99999990
 678    0.20949342    0.01119491    0.99999452    0.99999990    0.99999990
 679    0.21212908    0.01150120    0.99999417    0.99999989    0.99999989
 680    0.21479789    0.01181728    0.99999379    0.99999989    0.99999989
 681    0.21750027    0.01214349    0.99999339    0.99999988    0.99999988
 682    0.22023664    0.01248015    0.99999296    0.99999987    0.99999987
 683    0.22300744    0.01282761    0.99999250    0.99999987    0.99999987
 684    0.22581308    0.01318624    0.99999201    0.99999986    0.99999986
 685    0.22865402    0.01355640    0.99999149    0.99999986    0.99999986
 686    0.23153069    0.01393848    0.99999093    0.99999985    0.99999985
 687    0.23444354    0.01433286    0.99999032    0.99999984    0.99999984
 688    0.23739304    0.01473996    0.99998968    0.99999983    0.99999983
 689    0.24037963    0.01516018    0.99998899    0.99999983    0.99999983
 690    0.24340379    0.01559397    0.99998825    0.99999982    0.99999982
 691    0.24646599    0.01604176    0.99998746    0.99999981    0.99999981
 692    0.24956671    0.01650402    0.99998661    0.99999981    0.99999981
 693    0.25270643    0.01698121    0.99998569    0.99999980    0.99999980
 694    0.25588564    0.01747382    0.99998472    0.99999979    0.99999979
 695    0.25910484    0.01798235    0.99998367    0.99999979    0.99999979
 696    0.26236454    0.01850730    0.99998255    0.99999978    0.99999978
 697    0.26566523    0.01904923    0.99998134    0.99999977    0.99999977
 698    0.26900745    0.01960865    0.99998005    0.99999977    0.99999977
 699    0.27239170    0.02018615    0.99997866    0.99999976    0.99999976
 700    0.27581852    0.02078228    0.99997717    0.99999976    0.99999976
 701    0.27928845    0.02139765    0.99997557    0.99999975    0.99999975
 702    0.28280202    0.02203286    0.99997386    0.99999975    0.99999975
 703    0.28635979    0.02268855    0.99997201    0.99999975    0.99999975
 704    0.28996231    0.02336534    0.99997003    0.99999975    0.99999975
 705    0.29361014    0.02406390    0.99996791    0.99999976    0.99999976
 706    0.29730386    0.02478491    0.99996563    0.99999976    0.99999976
 707    0.30104404    0.02552907    0.99996317    0.99999977    0.99999977
 708    0.30483126    0.02629708    0.99996054    0.99999978    0.99999978
 709    0.30866613    0.02708968    0.99995771    0.99999979    0.99999979
 710    0.31254923    0.02790762    0.99995466    0.99999981    0.99999981
 711    0.31648117    0.02875167    0.99995139    0.99999984    0.99999984
 712    0.32046257    0.02962262    0.99994788    0.99999987    0.99999987
 713    0.32449405    0.03052127    0.99994410    0.99999990    0.99999990
 714    0.32857624    0.03144844    0.99994003    0.99999995    0.99999995
 715    0.33270977    0.03240499    0.99993567    1.00000000    1.00000000
 716    0.33689530    0.03339178    0.99993097    1.00000006    1.00000006
 717    0.34113348    0.03440969    0.99992592    1.00000014    1.00000014
 718    0.34542497    0.03545963    0.99992049    1.00000022    1.00000022
 719    0.34977044    0.03654251    0.99991465    1.00000032    1.00000032
 720    0.35417056    0.03765928    0.99990837    1.00000044    1.00000044
 721    0.35862604    0.03881089    0.99990162    1.00000058    1.00000058
 722    0.36313756    0.03999833    0.99989436    1.00000073    1.00000073
 723    0.36770582    0.04122259    0.99988654    1.00000092    1.00000092
 724    0.37233155    0.04248469    0.99987814    1.00000112    1.00000112
 725    0.37701546    0.04378566    0.99986911    1.00000136    1.00000136
 726    0.38175829    0.04512655    0.99985939    1.00000163    1.00000163
 727    0.38656077    0.04650843    0.99984893    1.00000194    1.00000194
 728    0.39142366    0.04793237    0.99983769    1.00000230    1.00000230
 729    0.39634772    0.04939949    0.99982560    1.00000270    1.00000270
 730    0.40133372    0.05091089    0.99981260    1.00000316    1.00000316
 731    0.40638243    0.05246769    0.99979861    1.00000368    1.00000368
 732    0.41149465    0.05407105    0.99978357    1.00000427    1.00000427
 733    0.41667118    0.05572210    0.99976740    1.00000493    1.00000493
 734    0.42191281    0.05742202    0.99975001    1.00000569    1.00000569
 735    0.42722038    0.05917198    0.99973131    1.00000654    1.00000654
 736    0.43259470    0.06097315    0.99971120    1.00000750    1.00000750
 737    0.43803663    0.06282672    0.99968959    1.00000858    1.00000858
 738    0.44354701    0.06473389    0.99966635    1.00000979    1.00000979
 739    0.44912670    0.06669583    0.99964137    1.00001116    1.00001116
 740    0.45477658    0.06871376    0.99961453    1.00001270    1.00001270
 741    0.46049752    0.07078887    0.99958568    1.00001443    1.00001443
 742    0.46629042    0.07292233    0.99955469    1.00001637    1.00001637
 743    0.47215619    0.07511534    0.99952138    1.00001855    1.00001855
 744    0.47809574    0.07736906    0.99948561    1.00002099    1.00002099
 745    0.48411000    0.07968467    0.99944718    1.00002373    1.00002373
 746    0.49019991    0.08206330    0.99940591    1.00002679    1.00002679
 747    0.49636643    0.08450608    0.99936160    1.00003021    1.00003021
 748    0.50261050    0.08701413    0.99931402    1.00003404    1.00003404
 749    0.50893312    0.08958851    0.99926296    1.00003831    1.00003831
 750    0.51533527    0.09223027    0.99920816    1.00004309    1.00004309
 751    0.52181795    0.09494044    0.99914936    1.00004842    1.00004842
 752    0.52838217    0.09771998    0.99908628    1.00005436    1.00005436
 753    0.53502895    0.10056983    0.99901864    1.00006099    1.00006099
 754    0.54175934    0.10349087    0.99894610    1.00006837    1.00006837
 755    0.54857439    0.10648392    0.99886834    1.00007659    1.00007659
 756    0.55547517    0.10954974    0.99878501    1.00008574    1.00008574
 757    0.56246274    0.11268904    0.99869572    1.00009592    1.00009592
 758    0.56953821    0.11590243    0.99860007    1.00010724    1.00010724
 759    0.57670267    0.11919046    0.99849765    1.00011982    1.00011982
 760    0.58395726    0.12255358    0.99838801    1.00013379    1.00013379
 761    0.59130309    0.12599216    0.99827067    1.00014929    1.00014929
 762    0.59874133    0.12950643    0.99814514    1.00016650    1.00016650
 763    0.60627312    0.13309655    0.99801088    1.00018557    1.00018557
 764    0.61389966    0.13676253    0.99786734    1.00020672    1.00020672
 765    0.62162212    0.14050426    0.99771393    1.00023014    1.00023014
 766    0.62944172    0.14432149    0.99755004    1.00025606    1.00025606
 767    0.63735968    0.14821383    0.99737502    1.00028475    1.00028475
 768    0.64537723    0.15218070    0.99718817    1.00031648    1.00031648
 769    0.65349564    0.15622137    0.99698880    1.00035155    1.00035155
 770    0.66171616    0.16033493    0.99677615    1.00039028    1.00039028
 771    0.67004008    0.16452027    0.99654944    1.00043304    1.00043304
 772    0.67846870    0.16877606    0.99630784    1.00048022    1.00048022
 773    0.68700334    0.17310077    0.99605051    1.00053225    1.00053225
 774    0.69564534    0.17749263    0.99577655    1.00058957    1.00058957
 775    0.70439604    0.18194962    0.99548504    1.00065271    1.00065271
 776    0.71325681    0.18646948    0.99517501    1.00072219    1.00072219
 777    0.72222903    0.19104966    0.99484547    1.00079860    1.00079860
 778    0.73131411    0.19568732    0.99449540    1.00088259    1.00088259
 779    0.74051346    0.20037934    0.99412371    1.00097483    1.00097483
 780    0.74982853    0.20512227    0.99372932    1.00107607    1.00107607
 781    0.75926077    0.20991234    0.99331111    1.00118709    1.00118709
 782    0.76881165    0.21474543    0.99286790    1.00130876    1.00130876
 783    0.77848267    0.21961706    0.99239853    1.00144198    1.00144198
 784    0.78827533    0.22452237    0.99190179    1.00158773    1.00158773
 785    0.79819117    0.22945615    0.99137645    1.00174706    1.00174706
 786    0.80823174    0.23441275    0.99082127    1.00192108    1.00192108
 787    0.81839860    0.23938611    0.99023500    1.00211097    1.00211097
 788    0.82869334    0.24436977    0.98961639    1.00231799    1.00231799
 789    0.83911758    0.24935680    0.98896416    1.00254346    1.00254346
 790    0.84967294    0.25433982    0.98827707    1.00278876    1.00278876
 791    0.86036106    0.25931102    0.98755388    1.00305538    1.00305538
 792    0.87118363    0.26426206    0.98679336    1.00334483    1.00334483
 793    0.88214233    0.26918418    0.98599431    1.00365873    1.00365873
 794    0.89323887    0.27406807    0.98515560    1.00399872    1.00399872
 795    0.90447499    0.27890398    0.98427609    1.00436651    1.00436651
 796    0.91585244    0.28368161    0.98335475    1.00476387    1.00476387
 797    0.92737300    0.28839018    0.98239060    1.00519260    1.00519260
 798    0.93903847    0.29301841    0.98138273    1.00565450    1.00565450
 799    0.95085068    0.29755450    0.98033035    1.00615141    1.00615141
 800    0.96281147    0.30198618    0.97923274    1.00668515    1.00668515
 801    0.97492270    0.30630064    0.97808935    1.00725752    1.00725752
 802    0.98718628    0.31048463    0.97689973    1.00787026    1.00787026
 803    0.99960411    0.31452442    0.97566359    1.00852506    1.00852506
 804    1.01217814    0.31840581    0.97438082    1.00922346    1.00922346
 805    1.02491033    0.32211418    0.97305149    1.00996691    1.00996691
 806    1.03780267    0.32563450    0.97167585    1.01075664    1.01075664
 807    1.05085718    0.32895133    0.97025439    1.01159371    1.01159371
 808    1.06407589    0.33204891    0.96878781    1.01247886    1.01247886
 809    1.07746087    0.33491114    0.96727708    1.01341257    1.01341257
 810    1.09101422    0.33752164    0.96572340    1.01439493    1.01439493
 811    1.10473804    0.33986379    0.96412827    1.01542562    1.01542562
 812    1.11863450    0.34192078    0.96249346    1.01650383    1.01650383
 813    1.13270574    0.34367569    0.96082105    1.01762821    1.01762821
 814    1.14695398    0.34511147    0.95911343    1.01879684    1.01879684
 815    1.16138144    0.34621108    0.95737330    1.02000708    1.02000708
 816    1.17599038    0.34695752    0.95560367    1.02125559    1.02125559
 817    1.19078308    0.34733387    0.95380789    1.02253824    1.02253824
 818    1.20576184    0.34732344    0.95198963    1.02385002    1.02385002
 819    1.22092901    0.34690975    0.95015288    1.02518503    1.02518503
 820    1.23628697    0.34607667    0.94830195    1.02653639    1.02653639
 821    1.25183810    0.34480849    0.94644145    1.02789622    1.02789622
 822    1.26758484    0.34308998    0.94457628    1.02925558    1.02925558
 823    1.28352965    0.34090650    0.94271162    1.03060448    1.03060448
 824    1.29967503    0.33824406    0.94085287    1.03193182    1.03193182
 825    1.31602348    0.33508942    0.93900569    1.03322546    1.03322546
 826    1.33257758    0.33143018    0.93717590    1.03447215    1.03447215
 827    1.34933989    0.32725485    0.93536948    1.03565764    1.03565764
 828    1.36631306    0.32255293    0.93359253    1.03676669    1.03676669
 829    1.38349972    0.31731500    0.93185119    1.03778318    1.03778318
 830    1.40090256    0.31153282    0.93015162    1.03869016    1.03869016
 831    1.41852430    0.30519936    0.92849993    1.03947001    1.03947001
 832    1.43636770    0.29830890    0.92690213    1.04010454    1.04010454
 833    1.45443553    0.29085712    0.92536406    1.04057519    1.04057519
 834    1.47273064    0.28284111    0.92389130    1.04086317    1.04086317
 835    1.49125587    0.27425948    0.92248914    1.04094968    1.04094968
 836    1.51001411    0.26511243    0.92116247    1.04081615    1.04081615
 837    1.52900831    0.25540174    0.91991571    1.04044444    1.04044444
 838    1.54824142    0.24513087    0.91875277    1.03981711    1.03981711
 839    1.56771646    0.23430499    0.91767692    1.03891773    1.03891773
 840    1.58743646    0.22293102    0.91669073    1.03773111    1.03773111
 841    1.60740451    0.21101768    0.91579602    1.03624366    1.03624366
 842    1.62762373    0.19857546    0.91499374    1.03444365    1.03444365
 843    1.64809727    0.18561671    0.91428393    1.03232164    1.03232164
 844    1.66882834    0.17215560    0.91366567    1.02987075    1.02987075
 845    1.68982017    0.15820813    0.91313695    1.02708706    1.02708706
 846    1.71107605    0.14379212    0.91269471    1.02397001    1.02397001
 847    1.73259929    0.12892715    0.91233471    1.02052275    1.02052275
 848    1.75439327    0.11363453    0.91205152    1.01675260    1.01675260
 849    1.77646137    0.09793716    0.91183853    1.01267138    1.01267138
 850    1.79880706    0.08185949    0.91168785    1.00829584    1.00829584
 851    1.82143383    0.06542725    0.91159039    1.00364798    1.00364798
 852    1.84434520    0.04866733    0.91153578    0.99875533    0.99875533
 853    1.86754476    0.03160744    0.91151246    0.99365117    0.99365117
 854    1.89103614    0.01427581    0.91150764    0.98837457    0.98837457
 855    1.91482301   -0.00329923    0.91150738    0.98297036    0.98297036
 856    1.93890907   -0.02108978    0.91149660    0.97748874    0.97748874
 857    1.96329810   -0.03906889    0.91145914    0.97198230    0.97198230
 858    1.98799391   -0.05721066    0.91137780    0.96649552    0.96649552
 859    2.01300035   -0.07548806    0.91123441    0.96107011    0.96107011
 860    2.03832133   -0.09387400    0.91100988    0.95575217    0.95575217
 861    2.06396082   -0.11234118    0.91068427    0.95058848    0.95058848
 862    2.08992281   -0.13086220    0.91023689    0.94562662    0.94562662
 863    2.11621135   -0.14940963    0.90964636    0.94091455    0.94091455
 864    2.14283057   -0.16795604    0.90889075    0.93650023    0.93650023
 865    2.16978462   -0.18647409    0.90794762    0.93243129    0.93243129
 866    2.19707771   -0.20493654    0.90679416    0.92875462    0.92875462
 867    2.22471410   -0.22331633    0.90540730    0.92551606    0.92551606
 868    2.25269812   -0.24158664    0.90376381    0.92275997    0.92275997
 869    2.28103413   -0.25972091    0.90184043    0.92052887    0.92052887
 870    2.30972656   -0.27769293    0.89961400    0.91886308    0.91886308
 871    2.33877990   -0.29547688    0.89706157    0.91780035    0.91780035
 872    2.36819869   -0.31304735    0.89416051    0.91737549    0.91737549
 873    2.39798752   -0.33037942    0.89088868    0.91762005    0.91762005
 874    2.42815104   -0.34744868    0.88722451    0.91856197    0.91856197
 875    2.45869398   -0.36423131    0.88314718    0.92022533    0.92022533
 876    2.48962110   -0.38070407    0.87863666    0.92263001    0.92263001
 877    2.52093724   -0.39684435    0.87367394    0.92579151    0.92579151
 878    2.55264728   -0.41263025    0.86824105    0.92972068    0.92972068
 879    2.58475619   -0.42804053    0.86232126    0.93442358    0.93442358
 880    2.61726897   -0.44305469    0.85589911    0.93990132    0.93990132
 881    2.65019072   -0.45765301    0.84896058    0.94614994    0.94614994
 882    2.68352657   -0.47181650    0.84149319    0.95316035    0.95316035
 883    2.71728174   -0.48552697    0.83348603    0.96091831    0.96091831
 884    2.75146149   -0.49876706    0.82492992    0.96940439    0.96940439
 885    2.78607117   -0.51152017    0.81581748    0.97859405    0.97859405
 886    2.82111619   -0.52377057    0.80614317    0.98845770    0.98845770
 887    2.85660202   -0.53550333    0.79590339    0.99896083    0.99896083
 888    2.89253421   -0.54670434    0.78509651    1.01006414    1.01006414
 889    2.92891837   -0.55736033    0.77372297    1.02172379    1.02172379
 890    2.96576018   -0.56745883    0.76178525    1.03389161    1.03389161
 891    3.00306541   -0.57698819    0.74928798    1.04651549    1.04651549
 892    3.04083988   -0.58593752    0.73623792    1.05953968    1.05953968
 893    3.07908949   -0.59429669    0.72264399    1.07290532    1.07290532
 894    3.11782023   -0.60205630    0.70851726    1.08655092    1.08655092
 895    3.15703813   -0.60920761    0.69387101    1.10041293    1.10041293
 896    3.19674934   -0.61574249    0.67872065    1.11442638    1.11442638
 897    3.23696006   -0.62165337    0.66308378    1.12852545    1.12852545
 898    3.27767656   -0.62693314    0.64698013    1.14264400    1.14264400
 899    3.31890521   -0.63157512    0.63043155    1.15671609    1.15671609
 900    3.36065246   -0.63557293    0.61346201    1.17067615    1.17067615
 901    3.40292482   -0.63892048    0.59609753    1.18445851    1.18445851
 902    3.44572890   -0.64161196    0.57836619    1.19799909    1.19799909
 903    3.48907139   -0.64364165    0.56029804    1.21123371    1.21123371
 904    3.53295906   -0.64500409    0.54192509    1.22409643    1.22409643
 905    3.57739877   -0.64569405    0.52328121    1.23652074    1.23652074
 906    3.62239747   -0.64570654    0.50440209    1.24843845    1.24843845
 907    3.66796217   -0.64503693    0.48532512    1.25977916    1.25977916
 908    3.71410001   -0.64368100    0.46608933    1.27047012    1.27047012
 909    3.76081820   -0.64163502    0.44673520    1.28043618    1.28043618
 910    3.80812402   -0.63889583    0.42730460    1.28960010    1.28960010
 911    3.85602488   -0.63546091    0.40784058    1.29788301    1.29788301
 912    3.90452826   -0.63132845    0.38838724    1.30520513    1.30520513
 913    3.95364174   -0.62649739    0.36898951    1.31148650    1.31148650
 914    4.00337299   -0.62096745    0.34969301    1.31664786    1.31664786
 915    4.05372978   -0.61473916    0.33054378    1.32061146    1.32061146
 916    4.10471998   -0.60781385    0.31158810    1.32330191    1.32330191
 917    4.15635156   -0.60019367    0.29287225    1.32464690    1.32464690
 918    4.20863258   -0.59188160    0.27444225    1.32457792    1.32457792
 919    4.26157122   -0.58288137    0.25634366    1.32303088    1.32303088
 920    4.31517574   -0.57319753    0.23862130    1.31994667    1.31994667
 921    4.36945453   -0.56283538    0.22131898    1.31527166    1.31527166
 922    4.42441606   -0.55180095    0.20447925    1.30895818    1.30895818
 923    4.48006892   -0.54010101    0.18814312    1.30096489    1.30096489
 924    4.53642180   -0.52774302    0.17234983    1.29125722    1.29125722
 925    4.59348352   -0.51473515    0.15713651    1.27980769    1.27980769
 926    4.65126299   -0.50108620    0.14253795    1.26659616    1.26659616
 927    4.70976923   -0.48680562    0.12858633    1.25161033    1.25161033
 928    4.76901139   -0.47190349    0.11531089    1.23484598    1.23484598
 929    4.82899873   -0.45639049    0.10273774    1.21630694    1.21630694
 930    4.88974061   -0.44027785    0.09088951    1.19600556    1.19600556
 931    4.95124653   -0.42357738    0.07978514    1.17396319    1.17396319
 932    5.01352610   -0.40630139    0.06943958    1.15021006    1.15021006
 933    5.07658905   -0.38846271    0.05986358    1.12478559    1.12478559
 934    5.14044524   -0.37007460    0.05106337    1.09773862    1.09773862
 935    5.20510464   -0.35115077    0.04304048    1.06912760    1.06912760
 936    5.27057735   -0.33170531    0.03579151    1.03902071    1.03902071
 937    5.33687361   -0.31175263    0.02930784    1.00749606    1.00749606
 938    5.40400377   -0.29130743    0.02357549    0.97464184    0.97464184
 939    5.47197833   -0.27038465    0.01857489    0.94055641    0.94055641
 940    5.54080790   -0.24899934    0.01428069    0.90534840    0.90534840
 941    5.61050324   -0.22716662    0.01066156    0.86913675    0.86913675
 942    5.68107524   -0.20490155    0.00768006    0.83205059    0.83205059
 943    5.75253493   -0.18221906    0.00529247    0.79422909    0.79422909
 944    5.82489347   -0.15913375    0.00344862    0.75580411    0.75580411
 945    5.89816216   -0.13566055    0.00209175    0.71625837    0.71625837
 946    5.97235247   -0.11184355    0.00115789    0.66898488    0.66898488
 947    6.04747597   -0.08801301    0.00057232    0.59496079    0.59496079
 948    6.12354441   -0.06519580    0.00024697    0.47849007    0.47849007
 949    6.20056967   -0.04489768    0.00009073    0.33283754    0.33283754
 950    6.27856380   -0.02841355    0.00002736    0.19478285    0.19478285
 951    6.35753896   -0.01628909    0.00000628    0.09468556    0.09468556
 952    6.43750752   -0.00821220    0.00000085    0.03861360    0.03861360
 953    6.51848195   -0.00323151    0.00000000    0.01469344    0.01469344
 954    6.60047491   -0.00000000    0.00000000    0.00215377    0.00215377
 955    6.68349923    0.00000000    0.00000000    0.00000000    0.00000000
 956    6.76756785    0.00000000    0.00000000    0.00000000    0.00000000
 957    6.85269393    0.00000000    0.00000000    0.00000000    0.00000000
 958    6.93889077    0.00000000    0.00000000    0.00000000    0.00000000
 959    7.02617183   -0.00000000    0.00000000    0.00000000    0.00000000
