               -286.6029064980
         -0.002792293      -0.000000000      -0.000000000
         -0.000000000      -0.002792293      -0.000000000
         -0.000000000      -0.000000000      -0.002792293
           5
  1    38      -0.000000000      -0.000000000      -0.000000000  Sr
  2    22       0.000000000      -0.000000000      -0.000000000  Ti
  3     8       0.000000000      -0.000000000      -0.000000000  O
  3     8      -0.000000000       0.000000000      -0.000000000  O
  3     8      -0.000000000      -0.000000000       0.000000000  O
