   1    0.00000000    0.00000000    1.00000000    1.00000000    1.00000000
   2    0.00000390    0.00000476    1.00000000    1.00000000    1.00000000
   3    0.00000784    0.00000958    1.00000000    1.00000000    1.00000000
   4    0.00001184    0.00001446    1.00000000    1.00000000    1.00000000
   5    0.00001589    0.00001940    1.00000000    1.00000000    1.00000000
   6    0.00001998    0.00002441    1.00000000    1.00000000    1.00000000
   7    0.00002413    0.00002948    1.00000000    1.00000000    1.00000000
   8    0.00002833    0.00003461    1.00000000    1.00000000    1.00000000
   9    0.00003259    0.00003980    1.00000000    1.00000000    1.00000000
  10    0.00003689    0.00004506    1.00000000    1.00000000    1.00000000
  11    0.00004126    0.00005039    1.00000000    1.00000000    1.00000000
  12    0.00004567    0.00005579    1.00000000    1.00000000    1.00000000
  13    0.00005014    0.00006125    1.00000000    1.00000000    1.00000000
  14    0.00005467    0.00006678    1.00000000    1.00000000    1.00000000
  15    0.00005926    0.00007238    1.00000000    1.00000000    1.00000000
  16    0.00006390    0.00007805    1.00000000    1.00000000    1.00000000
  17    0.00006860    0.00008379    1.00000000    1.00000000    1.00000000
  18    0.00007336    0.00008961    1.00000000    1.00000000    1.00000000
  19    0.00007818    0.00009549    1.00000000    1.00000000    1.00000000
  20    0.00008306    0.00010146    1.00000000    1.00000000    1.00000000
  21    0.00008800    0.00010749    1.00000000    1.00000000    1.00000000
  22    0.00009301    0.00011361    1.00000000    1.00000000    1.00000000
  23    0.00009808    0.00011979    1.00000000    1.00000000    1.00000000
  24    0.00010321    0.00012606    1.00000000    1.00000000    1.00000000
  25    0.00010840    0.00013241    1.00000000    1.00000000    1.00000000
  26    0.00011366    0.00013883    1.00000000    1.00000000    1.00000000
  27    0.00011899    0.00014534    1.00000000    1.00000000    1.00000000
  28    0.00012438    0.00015193    1.00000000    1.00000000    1.00000000
  29    0.00012985    0.00015860    1.00000000    1.00000000    1.00000000
  30    0.00013538    0.00016536    1.00000000    1.00000000    1.00000000
  31    0.00014098    0.00017220    1.00000000    1.00000000    1.00000000
  32    0.00014665    0.00017912    1.00000000    1.00000000    1.00000000
  33    0.00015239    0.00018614    1.00000000    1.00000000    1.00000000
  34    0.00015820    0.00019324    1.00000000    1.00000000    1.00000000
  35    0.00016409    0.00020043    1.00000000    1.00000000    1.00000000
  36    0.00017005    0.00020771    1.00000000    1.00000000    1.00000000
  37    0.00017609    0.00021508    1.00000000    1.00000000    1.00000000
  38    0.00018220    0.00022255    1.00000000    1.00000000    1.00000000
  39    0.00018839    0.00023011    1.00000000    1.00000000    1.00000000
  40    0.00019466    0.00023776    1.00000000    1.00000000    1.00000000
  41    0.00020100    0.00024552    1.00000000    1.00000000    1.00000000
  42    0.00020743    0.00025336    1.00000000    1.00000000    1.00000000
  43    0.00021393    0.00026131    1.00000000    1.00000000    1.00000000
  44    0.00022052    0.00026936    1.00000000    1.00000000    1.00000000
  45    0.00022719    0.00027751    1.00000000    1.00000000    1.00000000
  46    0.00023395    0.00028576    1.00000000    1.00000000    1.00000000
  47    0.00024079    0.00029411    1.00000000    1.00000000    1.00000000
  48    0.00024772    0.00030257    1.00000000    1.00000000    1.00000000
  49    0.00025473    0.00031114    1.00000000    1.00000000    1.00000000
  50    0.00026183    0.00031981    1.00000000    1.00000000    1.00000000
  51    0.00026902    0.00032860    1.00000000    1.00000000    1.00000000
  52    0.00027630    0.00033749    1.00000000    1.00000000    1.00000000
  53    0.00028367    0.00034650    1.00000000    1.00000000    1.00000000
  54    0.00029114    0.00035562    1.00000000    1.00000000    1.00000000
  55    0.00029870    0.00036485    1.00000000    1.00000000    1.00000000
  56    0.00030635    0.00037420    1.00000000    1.00000000    1.00000000
  57    0.00031411    0.00038367    1.00000000    1.00000000    1.00000000
  58    0.00032195    0.00039325    1.00000000    1.00000000    1.00000000
  59    0.00032990    0.00040296    1.00000000    1.00000000    1.00000000
  60    0.00033795    0.00041279    1.00000000    1.00000000    1.00000000
  61    0.00034610    0.00042274    1.00000000    1.00000000    1.00000000
  62    0.00035435    0.00043282    1.00000000    1.00000000    1.00000000
  63    0.00036270    0.00044302    1.00000000    1.00000000    1.00000000
  64    0.00037116    0.00045336    1.00000000    1.00000000    1.00000000
  65    0.00037973    0.00046382    1.00000000    1.00000000    1.00000000
  66    0.00038840    0.00047441    1.00000000    1.00000000    1.00000000
  67    0.00039718    0.00048514    1.00000000    1.00000000    1.00000000
  68    0.00040608    0.00049601    1.00000000    1.00000000    1.00000000
  69    0.00041508    0.00050700    1.00000000    1.00000000    1.00000000
  70    0.00042420    0.00051814    1.00000000    1.00000000    1.00000000
  71    0.00043343    0.00052942    1.00000000    1.00000000    1.00000000
  72    0.00044278    0.00054084    1.00000000    1.00000000    1.00000000
  73    0.00045225    0.00055240    1.00000000    1.00000000    1.00000000
  74    0.00046184    0.00056411    1.00000000    1.00000000    1.00000000
  75    0.00047154    0.00057597    1.00000000    1.00000000    1.00000000
  76    0.00048137    0.00058797    1.00000000    1.00000000    1.00000000
  77    0.00049132    0.00060013    1.00000000    1.00000000    1.00000000
  78    0.00050140    0.00061244    1.00000000    1.00000000    1.00000000
  79    0.00051160    0.00062490    1.00000000    1.00000000    1.00000000
  80    0.00052194    0.00063752    1.00000000    1.00000000    1.00000000
  81    0.00053240    0.00065030    1.00000000    1.00000000    1.00000000
  82    0.00054299    0.00066324    1.00000000    1.00000000    1.00000000
  83    0.00055372    0.00067635    1.00000000    1.00000000    1.00000000
  84    0.00056458    0.00068962    1.00000000    1.00000000    1.00000000
  85    0.00057558    0.00070305    1.00000000    1.00000000    1.00000000
  86    0.00058672    0.00071665    1.00000000    1.00000000    1.00000000
  87    0.00059800    0.00073043    1.00000000    1.00000000    1.00000000
  88    0.00060942    0.00074438    1.00000000    1.00000000    1.00000000
  89    0.00062098    0.00075850    1.00000000    1.00000000    1.00000000
  90    0.00063269    0.00077280    1.00000000    1.00000000    1.00000000
  91    0.00064454    0.00078728    1.00000000    1.00000000    1.00000000
  92    0.00065655    0.00080195    1.00000000    1.00000000    1.00000000
  93    0.00066870    0.00081679    1.00000000    1.00000000    1.00000000
  94    0.00068101    0.00083183    1.00000000    1.00000000    1.00000000
  95    0.00069348    0.00084705    1.00000000    1.00000000    1.00000000
  96    0.00070610    0.00086247    1.00000000    1.00000000    1.00000000
  97    0.00071887    0.00087808    1.00000000    1.00000000    1.00000000
  98    0.00073181    0.00089388    1.00000000    1.00000000    1.00000000
  99    0.00074492    0.00090988    1.00000000    1.00000000    1.00000000
 100    0.00075818    0.00092609    1.00000000    1.00000000    1.00000000
 101    0.00077162    0.00094250    1.00000000    1.00000000    1.00000000
 102    0.00078522    0.00095912    1.00000000    1.00000000    1.00000000
 103    0.00079900    0.00097594    1.00000000    1.00000000    1.00000000
 104    0.00081294    0.00099298    1.00000000    1.00000000    1.00000000
 105    0.00082707    0.00101023    1.00000000    1.00000000    1.00000000
 106    0.00084137    0.00102769    1.00000000    1.00000000    1.00000000
 107    0.00085585    0.00104538    1.00000000    1.00000000    1.00000000
 108    0.00087051    0.00106329    1.00000000    1.00000000    1.00000000
 109    0.00088536    0.00108143    1.00000000    1.00000000    1.00000000
 110    0.00090039    0.00109979    1.00000000    1.00000000    1.00000000
 111    0.00091561    0.00111838    1.00000000    1.00000000    1.00000000
 112    0.00093103    0.00113721    1.00000000    1.00000000    1.00000000
 113    0.00094664    0.00115628    1.00000000    1.00000000    1.00000000
 114    0.00096244    0.00117558    1.00000000    1.00000000    1.00000000
 115    0.00097844    0.00119513    1.00000000    1.00000000    1.00000000
 116    0.00099465    0.00121492    1.00000000    1.00000000    1.00000000
 117    0.00101106    0.00123496    1.00000000    1.00000000    1.00000000
 118    0.00102767    0.00125526    1.00000000    1.00000000    1.00000000
 119    0.00104450    0.00127581    1.00000000    1.00000000    1.00000000
 120    0.00106153    0.00129662    1.00000000    1.00000000    1.00000000
 121    0.00107878    0.00131769    1.00000000    1.00000000    1.00000000
 122    0.00109625    0.00133902    1.00000000    1.00000000    1.00000000
 123    0.00111393    0.00136063    1.00000000    1.00000000    1.00000000
 124    0.00113184    0.00138250    1.00000000    1.00000000    1.00000000
 125    0.00114998    0.00140465    1.00000000    1.00000000    1.00000000
 126    0.00116834    0.00142708    1.00000000    1.00000000    1.00000000
 127    0.00118693    0.00144979    1.00000000    1.00000000    1.00000000
 128    0.00120576    0.00147279    1.00000000    1.00000000    1.00000000
 129    0.00122482    0.00149607    1.00000000    1.00000000    1.00000000
 130    0.00124413    0.00151965    1.00000000    1.00000000    1.00000000
 131    0.00126367    0.00154353    1.00000000    1.00000000    1.00000000
 132    0.00128347    0.00156770    1.00000000    1.00000000    1.00000000
 133    0.00130351    0.00159218    1.00000000    1.00000000    1.00000000
 134    0.00132380    0.00161697    1.00000000    1.00000000    1.00000000
 135    0.00134435    0.00164207    1.00000000    1.00000000    1.00000000
 136    0.00136516    0.00166748    1.00000000    1.00000000    1.00000000
 137    0.00138623    0.00169322    1.00000000    1.00000000    1.00000000
 138    0.00140756    0.00171928    1.00000000    1.00000000    1.00000000
 139    0.00142916    0.00174566    1.00000000    1.00000000    1.00000000
 140    0.00145104    0.00177238    1.00000000    1.00000000    1.00000000
 141    0.00147319    0.00179944    1.00000000    1.00000000    1.00000000
 142    0.00149561    0.00182683    1.00000000    1.00000000    1.00000000
 143    0.00151832    0.00185457    1.00000000    1.00000000    1.00000000
 144    0.00154132    0.00188266    1.00000000    1.00000000    1.00000000
 145    0.00156460    0.00191110    1.00000000    1.00000000    1.00000000
 146    0.00158818    0.00193990    1.00000000    1.00000000    1.00000000
 147    0.00161205    0.00196906    1.00000000    1.00000000    1.00000000
 148    0.00163623    0.00199859    1.00000000    1.00000000    1.00000000
 149    0.00166071    0.00202849    1.00000000    1.00000000    1.00000000
 150    0.00168549    0.00205877    1.00000000    1.00000000    1.00000000
 151    0.00171059    0.00208942    1.00000000    1.00000000    1.00000000
 152    0.00173601    0.00212046    1.00000000    1.00000000    1.00000000
 153    0.00176174    0.00215190    1.00000000    1.00000000    1.00000000
 154    0.00178780    0.00218373    1.00000000    1.00000000    1.00000000
 155    0.00181418    0.00221595    1.00000000    1.00000000    1.00000000
 156    0.00184090    0.00224859    1.00000000    1.00000000    1.00000000
 157    0.00186795    0.00228163    1.00000000    1.00000000    1.00000000
 158    0.00189535    0.00231509    1.00000000    1.00000000    1.00000000
 159    0.00192308    0.00234897    1.00000000    1.00000000    1.00000000
 160    0.00195117    0.00238328    1.00000000    1.00000000    1.00000000
 161    0.00197961    0.00241802    1.00000000    1.00000000    1.00000000
 162    0.00200841    0.00245319    1.00000000    1.00000000    1.00000000
 163    0.00203757    0.00248881    1.00000000    1.00000000    1.00000000
 164    0.00206710    0.00252488    1.00000000    1.00000000    1.00000000
 165    0.00209699    0.00256140    1.00000000    1.00000000    1.00000000
 166    0.00212727    0.00259838    1.00000000    1.00000000    1.00000000
 167    0.00215792    0.00263582    0.99999999    1.00000000    1.00000000
 168    0.00218896    0.00267374    0.99999999    1.00000000    1.00000000
 169    0.00222039    0.00271213    0.99999999    1.00000000    1.00000000
 170    0.00225222    0.00275100    0.99999999    1.00000000    1.00000000
 171    0.00228445    0.00279037    0.99999999    1.00000000    1.00000000
 172    0.00231708    0.00283023    0.99999999    1.00000000    1.00000000
 173    0.00235012    0.00287059    0.99999999    1.00000000    1.00000000
 174    0.00238358    0.00291146    0.99999999    1.00000000    1.00000000
 175    0.00241746    0.00295284    0.99999999    1.00000000    1.00000000
 176    0.00245177    0.00299474    0.99999999    1.00000000    1.00000000
 177    0.00248650    0.00303717    0.99999999    1.00000000    1.00000000
 178    0.00252168    0.00308014    0.99999999    1.00000000    1.00000000
 179    0.00255729    0.00312364    0.99999999    1.00000000    1.00000000
 180    0.00259336    0.00316769    0.99999999    1.00000000    1.00000000
 181    0.00262987    0.00321230    0.99999999    1.00000000    1.00000000
 182    0.00266685    0.00325746    0.99999999    1.00000000    1.00000000
 183    0.00270429    0.00330320    0.99999999    1.00000000    1.00000000
 184    0.00274221    0.00334951    0.99999999    1.00000000    1.00000000
 185    0.00278060    0.00339640    0.99999999    1.00000000    1.00000000
 186    0.00281947    0.00344388    0.99999999    1.00000000    1.00000000
 187    0.00285883    0.00349196    0.99999999    1.00000000    1.00000000
 188    0.00289869    0.00354065    0.99999999    1.00000000    1.00000000
 189    0.00293905    0.00358994    0.99999999    1.00000000    1.00000000
 190    0.00297991    0.00363986    0.99999999    1.00000000    1.00000000
 191    0.00302129    0.00369041    0.99999999    1.00000000    1.00000000
 192    0.00306319    0.00374159    0.99999999    1.00000000    1.00000000
 193    0.00310562    0.00379341    0.99999998    1.00000000    1.00000000
 194    0.00314858    0.00384589    0.99999998    1.00000000    1.00000000
 195    0.00319208    0.00389903    0.99999998    1.00000000    1.00000000
 196    0.00323613    0.00395283    0.99999998    1.00000000    1.00000000
 197    0.00328074    0.00400731    0.99999998    1.00000000    1.00000000
 198    0.00332590    0.00406248    0.99999998    1.00000000    1.00000000
 199    0.00337163    0.00411834    0.99999998    1.00000000    1.00000000
 200    0.00341794    0.00417490    0.99999998    1.00000000    1.00000000
 201    0.00346483    0.00423218    0.99999998    1.00000000    1.00000000
 202    0.00351231    0.00429017    0.99999998    1.00000000    1.00000000
 203    0.00356039    0.00434890    0.99999998    1.00000000    1.00000000
 204    0.00360907    0.00440836    0.99999998    1.00000000    1.00000000
 205    0.00365836    0.00446858    0.99999998    1.00000000    1.00000000
 206    0.00370827    0.00452955    0.99999997    1.00000000    1.00000000
 207    0.00375882    0.00459128    0.99999997    1.00000000    1.00000000
 208    0.00380999    0.00465379    0.99999997    1.00000000    1.00000000
 209    0.00386181    0.00471709    0.99999997    1.00000000    1.00000000
 210    0.00391429    0.00478119    0.99999997    1.00000000    1.00000000
 211    0.00396742    0.00484609    0.99999997    1.00000000    1.00000000
 212    0.00402122    0.00491181    0.99999997    1.00000000    1.00000000
 213    0.00407570    0.00497835    0.99999997    1.00000000    1.00000000
 214    0.00413086    0.00504574    0.99999996    1.00000000    1.00000000
 215    0.00418672    0.00511397    0.99999996    1.00000000    1.00000000
 216    0.00424328    0.00518305    0.99999996    1.00000000    1.00000000
 217    0.00430055    0.00525301    0.99999996    1.00000000    1.00000000
 218    0.00435854    0.00532385    0.99999996    1.00000000    1.00000000
 219    0.00441726    0.00539558    0.99999996    1.00000000    1.00000000
 220    0.00447672    0.00546821    0.99999995    1.00000000    1.00000000
 221    0.00453693    0.00554175    0.99999995    1.00000000    1.00000000
 222    0.00459790    0.00561622    0.99999995    1.00000000    1.00000000
 223    0.00465963    0.00569163    0.99999995    1.00000000    1.00000000
 224    0.00472214    0.00576798    0.99999995    1.00000000    1.00000000
 225    0.00478543    0.00584530    0.99999994    1.00000000    1.00000000
 226    0.00484952    0.00592358    0.99999994    1.00000000    1.00000000
 227    0.00491442    0.00600286    0.99999994    1.00000000    1.00000000
 228    0.00498013    0.00608313    0.99999994    1.00000000    1.00000000
 229    0.00504667    0.00616441    0.99999993    1.00000000    1.00000000
 230    0.00511405    0.00624671    0.99999993    1.00000000    1.00000000
 231    0.00518227    0.00633005    0.99999993    1.00000000    1.00000000
 232    0.00525136    0.00641443    0.99999993    1.00000000    1.00000000
 233    0.00532131    0.00649988    0.99999992    1.00000000    1.00000000
 234    0.00539214    0.00658640    0.99999992    1.00000000    1.00000000
 235    0.00546386    0.00667401    0.99999992    1.00000000    1.00000000
 236    0.00553648    0.00676272    0.99999991    1.00000000    1.00000000
 237    0.00561002    0.00685255    0.99999991    1.00000000    1.00000000
 238    0.00568448    0.00694351    0.99999991    1.00000000    1.00000000
 239    0.00575988    0.00703562    0.99999990    1.00000000    1.00000000
 240    0.00583623    0.00712888    0.99999990    1.00000000    1.00000000
 241    0.00591354    0.00722331    0.99999990    1.00000000    1.00000000
 242    0.00599182    0.00731894    0.99999989    1.00000000    1.00000000
 243    0.00607109    0.00741576    0.99999989    1.00000000    1.00000000
 244    0.00615135    0.00751381    0.99999988    1.00000000    1.00000000
 245    0.00623262    0.00761309    0.99999988    1.00000000    1.00000000
 246    0.00631491    0.00771361    0.99999987    1.00000000    1.00000000
 247    0.00639824    0.00781540    0.99999987    1.00000000    1.00000000
 248    0.00648262    0.00791848    0.99999986    1.00000000    1.00000000
 249    0.00656806    0.00802284    0.99999986    1.00000000    1.00000000
 250    0.00665457    0.00812853    0.99999985    1.00000000    1.00000000
 251    0.00674217    0.00823554    0.99999984    1.00000000    1.00000000
 252    0.00683088    0.00834389    0.99999984    1.00000000    1.00000000
 253    0.00692070    0.00845362    0.99999983    1.00000000    1.00000000
 254    0.00701165    0.00856472    0.99999983    1.00000000    1.00000000
 255    0.00710374    0.00867722    0.99999982    1.00000000    1.00000000
 256    0.00719699    0.00879113    0.99999981    1.00000000    1.00000000
 257    0.00729141    0.00890648    0.99999980    1.00000000    1.00000000
 258    0.00738703    0.00902328    0.99999980    1.00000000    1.00000000
 259    0.00748384    0.00914155    0.99999979    1.00000000    1.00000000
 260    0.00758187    0.00926130    0.99999978    1.00000000    1.00000000
 261    0.00768114    0.00938256    0.99999977    1.00000000    1.00000000
 262    0.00778165    0.00950535    0.99999976    1.00000000    1.00000000
 263    0.00788343    0.00962969    0.99999975    1.00000000    1.00000000
 264    0.00798649    0.00975559    0.99999974    1.00000000    1.00000000
 265    0.00809085    0.00988307    0.99999973    0.99999999    0.99999999
 266    0.00819651    0.01001215    0.99999972    0.99999999    0.99999999
 267    0.00830351    0.01014286    0.99999971    0.99999999    0.99999999
 268    0.00841185    0.01027522    0.99999970    0.99999999    0.99999999
 269    0.00852156    0.01040924    0.99999969    0.99999999    0.99999999
 270    0.00863264    0.01054494    0.99999967    0.99999999    0.99999999
 271    0.00874513    0.01068236    0.99999966    0.99999999    0.99999999
 272    0.00885902    0.01082150    0.99999965    0.99999999    0.99999999
 273    0.00897435    0.01096239    0.99999963    0.99999999    0.99999999
 274    0.00909113    0.01110506    0.99999962    0.99999999    0.99999999
 275    0.00920938    0.01124952    0.99999960    0.99999999    0.99999999
 276    0.00932912    0.01139580    0.99999959    0.99999999    0.99999999
 277    0.00945036    0.01154392    0.99999957    0.99999999    0.99999999
 278    0.00957313    0.01169391    0.99999956    0.99999999    0.99999999
 279    0.00969745    0.01184578    0.99999954    0.99999999    0.99999999
 280    0.00982332    0.01199956    0.99999952    0.99999999    0.99999999
 281    0.00995078    0.01215528    0.99999950    0.99999999    0.99999999
 282    0.01007984    0.01231295    0.99999948    0.99999999    0.99999999
 283    0.01021053    0.01247261    0.99999946    0.99999999    0.99999999
 284    0.01034286    0.01263428    0.99999944    0.99999999    0.99999999
 285    0.01047685    0.01279799    0.99999942    0.99999999    0.99999999
 286    0.01061253    0.01296375    0.99999939    0.99999999    0.99999999
 287    0.01074992    0.01313160    0.99999937    0.99999999    0.99999999
 288    0.01088904    0.01330157    0.99999935    0.99999999    0.99999999
 289    0.01102990    0.01347367    0.99999932    0.99999999    0.99999999
 290    0.01117254    0.01364794    0.99999929    0.99999999    0.99999999
 291    0.01131697    0.01382440    0.99999927    0.99999999    0.99999999
 292    0.01146321    0.01400308    0.99999924    0.99999999    0.99999999
 293    0.01161130    0.01418401    0.99999921    0.99999998    0.99999998
 294    0.01176125    0.01436722    0.99999918    0.99999998    0.99999998
 295    0.01191309    0.01455273    0.99999914    0.99999998    0.99999998
 296    0.01206683    0.01474058    0.99999911    0.99999998    0.99999998
 297    0.01222251    0.01493079    0.99999907    0.99999998    0.99999998
 298    0.01238015    0.01512340    0.99999904    0.99999998    0.99999998
 299    0.01253977    0.01531843    0.99999900    0.99999998    0.99999998
 300    0.01270140    0.01551592    0.99999896    0.99999998    0.99999998
 301    0.01286506    0.01571589    0.99999892    0.99999998    0.99999998
 302    0.01303078    0.01591838    0.99999888    0.99999998    0.99999998
 303    0.01319858    0.01612341    0.99999883    0.99999998    0.99999998
 304    0.01336850    0.01633103    0.99999879    0.99999998    0.99999998
 305    0.01354055    0.01654126    0.99999874    0.99999998    0.99999998
 306    0.01371477    0.01675414    0.99999869    0.99999998    0.99999998
 307    0.01389118    0.01696970    0.99999864    0.99999997    0.99999997
 308    0.01406980    0.01718797    0.99999859    0.99999997    0.99999997
 309    0.01425068    0.01740899    0.99999853    0.99999997    0.99999997
 310    0.01443382    0.01763279    0.99999848    0.99999997    0.99999997
 311    0.01461928    0.01785941    0.99999842    0.99999997    0.99999997
 312    0.01480706    0.01808888    0.99999835    0.99999997    0.99999997
 313    0.01499721    0.01832124    0.99999829    0.99999997    0.99999997
 314    0.01518975    0.01855653    0.99999822    0.99999997    0.99999997
 315    0.01538471    0.01879478    0.99999815    0.99999997    0.99999997
 316    0.01558212    0.01903603    0.99999808    0.99999996    0.99999996
 317    0.01578202    0.01928031    0.99999801    0.99999996    0.99999996
 318    0.01598443    0.01952767    0.99999793    0.99999996    0.99999996
 319    0.01618939    0.01977815    0.99999785    0.99999996    0.99999996
 320    0.01639692    0.02003178    0.99999776    0.99999996    0.99999996
 321    0.01660707    0.02028861    0.99999768    0.99999996    0.99999996
 322    0.01681985    0.02054867    0.99999759    0.99999995    0.99999995
 323    0.01703532    0.02081200    0.99999749    0.99999995    0.99999995
 324    0.01725350    0.02107865    0.99999740    0.99999995    0.99999995
 325    0.01747441    0.02134866    0.99999729    0.99999995    0.99999995
 326    0.01769811    0.02162207    0.99999719    0.99999995    0.99999995
 327    0.01792463    0.02189892    0.99999708    0.99999995    0.99999995
 328    0.01815399    0.02217926    0.99999697    0.99999994    0.99999994
 329    0.01838623    0.02246313    0.99999685    0.99999994    0.99999994
 330    0.01862140    0.02275057    0.99999673    0.99999994    0.99999994
 331    0.01885953    0.02304164    0.99999660    0.99999994    0.99999994
 332    0.01910065    0.02333637    0.99999647    0.99999993    0.99999993
 333    0.01934480    0.02363482    0.99999633    0.99999993    0.99999993
 334    0.01959203    0.02393703    0.99999619    0.99999993    0.99999993
 335    0.01984236    0.02424304    0.99999604    0.99999993    0.99999993
 336    0.02009585    0.02455291    0.99999589    0.99999992    0.99999992
 337    0.02035252    0.02486668    0.99999573    0.99999992    0.99999992
 338    0.02061242    0.02518441    0.99999556    0.99999992    0.99999992
 339    0.02087559    0.02550614    0.99999539    0.99999991    0.99999991
 340    0.02114207    0.02583192    0.99999521    0.99999991    0.99999991
 341    0.02141190    0.02616181    0.99999502    0.99999991    0.99999991
 342    0.02168512    0.02649586    0.99999483    0.99999990    0.99999990
 343    0.02196179    0.02683411    0.99999463    0.99999990    0.99999990
 344    0.02224193    0.02717663    0.99999442    0.99999990    0.99999990
 345    0.02252560    0.02752347    0.99999420    0.99999989    0.99999989
 346    0.02281283    0.02787468    0.99999398    0.99999989    0.99999989
 347    0.02310368    0.02823031    0.99999375    0.99999988    0.99999988
 348    0.02339818    0.02859043    0.99999350    0.99999988    0.99999988
 349    0.02369639    0.02895509    0.99999325    0.99999987    0.99999987
 350    0.02399836    0.02932435    0.99999299    0.99999987    0.99999987
 351    0.02430412    0.02969826    0.99999272    0.99999986    0.99999986
 352    0.02461372    0.03007688    0.99999244    0.99999986    0.99999986
 353    0.02492722    0.03046028    0.99999215    0.99999985    0.99999985
 354    0.02524466    0.03084852    0.99999184    0.99999985    0.99999985
 355    0.02556610    0.03124165    0.99999153    0.99999984    0.99999984
 356    0.02589158    0.03163974    0.99999120    0.99999984    0.99999984
 357    0.02622115    0.03204285    0.99999086    0.99999983    0.99999983
 358    0.02655487    0.03245105    0.99999050    0.99999982    0.99999982
 359    0.02689279    0.03286439    0.99999014    0.99999982    0.99999982
 360    0.02723496    0.03328295    0.99998976    0.99999981    0.99999981
 361    0.02758143    0.03370679    0.99998936    0.99999980    0.99999980
 362    0.02793225    0.03413598    0.99998895    0.99999979    0.99999979
 363    0.02828750    0.03457058    0.99998852    0.99999979    0.99999979
 364    0.02864721    0.03501067    0.99998808    0.99999978    0.99999978
 365    0.02901144    0.03545631    0.99998762    0.99999977    0.99999977
 366    0.02938026    0.03590757    0.99998714    0.99999976    0.99999976
 367    0.02975371    0.03636454    0.99998664    0.99999975    0.99999975
 368    0.03013187    0.03682727    0.99998612    0.99999974    0.99999974
 369    0.03051478    0.03729584    0.99998559    0.99999973    0.99999973
 370    0.03090250    0.03777033    0.99998503    0.99999972    0.99999972
 371    0.03129511    0.03825081    0.99998445    0.99999971    0.99999971
 372    0.03169265    0.03873736    0.99998385    0.99999970    0.99999970
 373    0.03209519    0.03923005    0.99998323    0.99999969    0.99999969
 374    0.03250279    0.03972897    0.99998258    0.99999967    0.99999967
 375    0.03291553    0.04023419    0.99998191    0.99999966    0.99999966
 376    0.03333345    0.04074579    0.99998121    0.99999965    0.99999965
 377    0.03375663    0.04126386    0.99998049    0.99999964    0.99999964
 378    0.03418513    0.04178847    0.99997973    0.99999962    0.99999962
 379    0.03461903    0.04231971    0.99997895    0.99999961    0.99999961
 380    0.03505838    0.04285767    0.99997814    0.99999959    0.99999959
 381    0.03550326    0.04340243    0.99997730    0.99999958    0.99999958
 382    0.03595373    0.04395407    0.99997642    0.99999956    0.99999956
 383    0.03640987    0.04451269    0.99997551    0.99999954    0.99999954
 384    0.03687175    0.04507838    0.99997457    0.99999952    0.99999952
 385    0.03733943    0.04565122    0.99997359    0.99999951    0.99999951
 386    0.03781300    0.04623130    0.99997257    0.99999949    0.99999949
 387    0.03829253    0.04681872    0.99997151    0.99999947    0.99999947
 388    0.03877809    0.04741358    0.99997041    0.99999945    0.99999945
 389    0.03926975    0.04801596    0.99996927    0.99999943    0.99999943
 390    0.03976760    0.04862597    0.99996809    0.99999940    0.99999940
 391    0.04027171    0.04924370    0.99996686    0.99999938    0.99999938
 392    0.04078217    0.04986925    0.99996558    0.99999936    0.99999936
 393    0.04129904    0.05050272    0.99996425    0.99999933    0.99999933
 394    0.04182242    0.05114421    0.99996288    0.99999931    0.99999931
 395    0.04235238    0.05179383    0.99996144    0.99999928    0.99999928
 396    0.04288900    0.05245168    0.99995996    0.99999925    0.99999925
 397    0.04343237    0.05311786    0.99995842    0.99999922    0.99999922
 398    0.04398258    0.05379249    0.99995681    0.99999919    0.99999919
 399    0.04453971    0.05447567    0.99995515    0.99999916    0.99999916
 400    0.04510385    0.05516751    0.99995342    0.99999913    0.99999913
 401    0.04567509    0.05586812    0.99995163    0.99999910    0.99999910
 402    0.04625351    0.05657762    0.99994977    0.99999906    0.99999906
 403    0.04683920    0.05729612    0.99994783    0.99999903    0.99999903
 404    0.04743226    0.05802374    0.99994582    0.99999899    0.99999899
 405    0.04803278    0.05876059    0.99994374    0.99999895    0.99999895
 406    0.04864086    0.05950680    0.99994157    0.99999891    0.99999891
 407    0.04925658    0.06026248    0.99993932    0.99999887    0.99999887
 408    0.04988005    0.06102775    0.99993698    0.99999882    0.99999882
 409    0.05051136    0.06180275    0.99993456    0.99999878    0.99999878
 410    0.05115062    0.06258760    0.99993204    0.99999873    0.99999873
 411    0.05179791    0.06338241    0.99992942    0.99999868    0.99999868
 412    0.05245334    0.06418734    0.99992670    0.99999863    0.99999863
 413    0.05311702    0.06500250    0.99992388    0.99999858    0.99999858
 414    0.05378905    0.06582802    0.99992095    0.99999853    0.99999853
 415    0.05446953    0.06666405    0.99991791    0.99999847    0.99999847
 416    0.05515857    0.06751072    0.99991475    0.99999841    0.99999841
 417    0.05585628    0.06836816    0.99991146    0.99999835    0.99999835
 418    0.05656276    0.06923652    0.99990806    0.99999829    0.99999829
 419    0.05727813    0.07011595    0.99990452    0.99999822    0.99999822
 420    0.05800250    0.07100658    0.99990084    0.99999815    0.99999815
 421    0.05873598    0.07190855    0.99989703    0.99999808    0.99999808
 422    0.05947868    0.07282203    0.99989306    0.99999801    0.99999801
 423    0.06023073    0.07374716    0.99988895    0.99999793    0.99999793
 424    0.06099223    0.07468409    0.99988467    0.99999785    0.99999785
 425    0.06176332    0.07563297    0.99988023    0.99999777    0.99999777
 426    0.06254410    0.07659397    0.99987563    0.99999768    0.99999768
 427    0.06333471    0.07756724    0.99987084    0.99999759    0.99999759
 428    0.06413526    0.07855295    0.99986587    0.99999750    0.99999750
 429    0.06494588    0.07955125    0.99986071    0.99999740    0.99999740
 430    0.06576669    0.08056231    0.99985535    0.99999731    0.99999731
 431    0.06659783    0.08158631    0.99984978    0.99999720    0.99999720
 432    0.06743943    0.08262341    0.99984400    0.99999709    0.99999709
 433    0.06829161    0.08367378    0.99983799    0.99999698    0.99999698
 434    0.06915451    0.08473760    0.99983176    0.99999687    0.99999687
 435    0.07002826    0.08581505    0.99982528    0.99999675    0.99999675
 436    0.07091301    0.08690631    0.99981856    0.99999662    0.99999662
 437    0.07180888    0.08801156    0.99981158    0.99999649    0.99999649
 438    0.07271602    0.08913099    0.99980433    0.99999636    0.99999636
 439    0.07363458    0.09026478    0.99979679    0.99999622    0.99999622
 440    0.07456468    0.09141314    0.99978897    0.99999607    0.99999607
 441    0.07550649    0.09257624    0.99978085    0.99999592    0.99999592
 442    0.07646014    0.09375429    0.99977242    0.99999576    0.99999576
 443    0.07742579    0.09494749    0.99976366    0.99999560    0.99999560
 444    0.07840358    0.09615604    0.99975456    0.99999543    0.99999543
 445    0.07939367    0.09738015    0.99974511    0.99999526    0.99999526
 446    0.08039622    0.09862002    0.99973530    0.99999507    0.99999507
 447    0.08141138    0.09987587    0.99972511    0.99999488    0.99999488
 448    0.08243931    0.10114791    0.99971453    0.99999469    0.99999469
 449    0.08348016    0.10243635    0.99970354    0.99999448    0.99999448
 450    0.08453411    0.10374143    0.99969212    0.99999427    0.99999427
 451    0.08560132    0.10506337    0.99968027    0.99999405    0.99999405
 452    0.08668195    0.10640239    0.99966796    0.99999382    0.99999382
 453    0.08777617    0.10775872    0.99965517    0.99999358    0.99999358
 454    0.08888415    0.10913260    0.99964189    0.99999334    0.99999334
 455    0.09000608    0.11052427    0.99962810    0.99999308    0.99999308
 456    0.09114211    0.11193397    0.99961378    0.99999282    0.99999282
 457    0.09229243    0.11336195    0.99959890    0.99999254    0.99999254
 458    0.09345723    0.11480845    0.99958346    0.99999225    0.99999225
 459    0.09463667    0.11627373    0.99956741    0.99999196    0.99999196
 460    0.09583095    0.11775804    0.99955075    0.99999165    0.99999165
 461    0.09704025    0.11926165    0.99953344    0.99999133    0.99999133
 462    0.09826477    0.12078482    0.99951546    0.99999099    0.99999099
 463    0.09950468    0.12232783    0.99949679    0.99999065    0.99999065
 464    0.10076020    0.12389094    0.99947740    0.99999029    0.99999029
 465    0.10203150    0.12547442    0.99945726    0.99998992    0.99998992
 466    0.10331880    0.12707858    0.99943634    0.99998953    0.99998953
 467    0.10462228    0.12870368    0.99941461    0.99998913    0.99998913
 468    0.10594217    0.13035002    0.99939205    0.99998871    0.99998871
 469    0.10727865    0.13201790    0.99936861    0.99998828    0.99998828
 470    0.10863195    0.13370762    0.99934426    0.99998783    0.99998783
 471    0.11000227    0.13541947    0.99931897    0.99998736    0.99998736
 472    0.11138982    0.13715377    0.99929271    0.99998688    0.99998688
 473    0.11279483    0.13891084    0.99926543    0.99998638    0.99998638
 474    0.11421751    0.14069099    0.99923709    0.99998585    0.99998585
 475    0.11565809    0.14249455    0.99920766    0.99998531    0.99998531
 476    0.11711679    0.14432184    0.99917708    0.99998475    0.99998475
 477    0.11859383    0.14617321    0.99914533    0.99998417    0.99998417
 478    0.12008946    0.14804899    0.99911234    0.99998356    0.99998356
 479    0.12160389    0.14994952    0.99907808    0.99998293    0.99998293
 480    0.12313738    0.15187517    0.99904248    0.99998228    0.99998228
 481    0.12469016    0.15382627    0.99900551    0.99998160    0.99998160
 482    0.12626246    0.15580321    0.99896710    0.99998090    0.99998090
 483    0.12785455    0.15780633    0.99892721    0.99998017    0.99998017
 484    0.12946666    0.15983603    0.99888576    0.99997942    0.99997942
 485    0.13109904    0.16189268    0.99884271    0.99997863    0.99997863
 486    0.13275196    0.16397666    0.99879799    0.99997782    0.99997782
 487    0.13442567    0.16608837    0.99875153    0.99997697    0.99997697
 488    0.13612044    0.16822820    0.99870327    0.99997610    0.99997610
 489    0.13783652    0.17039656    0.99865313    0.99997519    0.99997519
 490    0.13957419    0.17259387    0.99860104    0.99997425    0.99997425
 491    0.14133371    0.17482054    0.99854693    0.99997327    0.99997327
 492    0.14311537    0.17707699    0.99849071    0.99997226    0.99997226
 493    0.14491944    0.17936366    0.99843231    0.99997121    0.99997121
 494    0.14674620    0.18168098    0.99837164    0.99997012    0.99997012
 495    0.14859593    0.18402940    0.99830860    0.99996899    0.99996899
 496    0.15046894    0.18640938    0.99824311    0.99996782    0.99996782
 497    0.15236550    0.18882137    0.99817507    0.99996661    0.99996661
 498    0.15428592    0.19126584    0.99810437    0.99996535    0.99996535
 499    0.15623050    0.19374327    0.99803092    0.99996405    0.99996405
 500    0.15819953    0.19625413    0.99795461    0.99996270    0.99996270
 501    0.16019333    0.19879892    0.99787532    0.99996130    0.99996130
 502    0.16221221    0.20137814    0.99779293    0.99995985    0.99995985
 503    0.16425649    0.20399228    0.99770733    0.99995835    0.99995835
 504    0.16632648    0.20664186    0.99761839    0.99995680    0.99995680
 505    0.16842251    0.20932741    0.99752597    0.99995519    0.99995519
 506    0.17054490    0.21204945    0.99742994    0.99995353    0.99995353
 507    0.17269399    0.21480851    0.99733015    0.99995181    0.99995181
 508    0.17487011    0.21760515    0.99722646    0.99995003    0.99995003
 509    0.17707360    0.22043991    0.99711872    0.99994819    0.99994819
 510    0.17930481    0.22331336    0.99700675    0.99994628    0.99994628
 511    0.18156408    0.22622607    0.99689040    0.99994431    0.99994431
 512    0.18385178    0.22917861    0.99676949    0.99994228    0.99994228
 513    0.18616824    0.23217156    0.99664384    0.99994018    0.99994018
 514    0.18851385    0.23520554    0.99651327    0.99993801    0.99993801
 515    0.19088896    0.23828112    0.99637757    0.99993577    0.99993577
 516    0.19329394    0.24139894    0.99623655    0.99993346    0.99993346
 517    0.19572918    0.24455960    0.99608998    0.99993107    0.99993107
 518    0.19819505    0.24776373    0.99593766    0.99992861    0.99992861
 519    0.20069193    0.25101198    0.99577936    0.99992607    0.99992607
 520    0.20322022    0.25430497    0.99561483    0.99992346    0.99992346
 521    0.20578031    0.25764336    0.99544382    0.99992077    0.99992077
 522    0.20837261    0.26102782    0.99526609    0.99991800    0.99991800
 523    0.21099751    0.26445901    0.99508136    0.99991515    0.99991515
 524    0.21365543    0.26793759    0.99488935    0.99991223    0.99991223
 525    0.21634678    0.27146426    0.99468977    0.99990922    0.99990922
 526    0.21907199    0.27503971    0.99448233    0.99990613    0.99990613
 527    0.22183147    0.27866462    0.99426670    0.99990296    0.99990296
 528    0.22462567    0.28233970    0.99404257    0.99989972    0.99989972
 529    0.22745501    0.28606567    0.99380958    0.99989639    0.99989639
 530    0.23031994    0.28984322    0.99356739    0.99989299    0.99989299
 531    0.23322090    0.29367309    0.99331564    0.99988951    0.99988951
 532    0.23615836    0.29755600    0.99305393    0.99988596    0.99988596
 533    0.23913276    0.30149267    0.99278187    0.99988234    0.99988234
 534    0.24214458    0.30548385    0.99249904    0.99987866    0.99987866
 535    0.24519428    0.30953027    0.99220502    0.99987491    0.99987491
 536    0.24828234    0.31363267    0.99189936    0.99987110    0.99987110
 537    0.25140924    0.31779179    0.99158159    0.99986725    0.99986725
 538    0.25457548    0.32200839    0.99125123    0.99986334    0.99986334
 539    0.25778154    0.32628319    0.99090777    0.99985940    0.99985940
 540    0.26102793    0.33061695    0.99055070    0.99985543    0.99985543
 541    0.26431516    0.33501042    0.99017945    0.99985144    0.99985144
 542    0.26764373    0.33946433    0.98979348    0.99984744    0.99984744
 543    0.27101417    0.34397942    0.98939219    0.99984345    0.99984345
 544    0.27442701    0.34855644    0.98897496    0.99983947    0.99983947
 545    0.27788277    0.35319610    0.98854116    0.99983553    0.99983553
 546    0.28138200    0.35789914    0.98809013    0.99983164    0.99983164
 547    0.28492525    0.36266626    0.98762118    0.99982783    0.99982783
 548    0.28851307    0.36749817    0.98713359    0.99982410    0.99982410
 549    0.29214601    0.37239556    0.98662663    0.99982050    0.99982050
 550    0.29582465    0.37735912    0.98609951    0.99981704    0.99981704
 551    0.29954957    0.38238951    0.98555143    0.99981376    0.99981376
 552    0.30332133    0.38748737    0.98498157    0.99981069    0.99981069
 553    0.30714054    0.39265334    0.98438905    0.99980786    0.99980786
 554    0.31100779    0.39788803    0.98377297    0.99980532    0.99980532
 555    0.31492369    0.40319200    0.98313240    0.99980311    0.99980311
 556    0.31888884    0.40856583    0.98246637    0.99980128    0.99980128
 557    0.32290386    0.41401004    0.98177387    0.99979989    0.99979989
 558    0.32696939    0.41952513    0.98105385    0.99979898    0.99979898
 559    0.33108606    0.42511156    0.98030522    0.99979862    0.99979862
 560    0.33525450    0.43076975    0.97952687    0.99979889    0.99979889
 561    0.33947538    0.43650008    0.97871762    0.99979986    0.99979986
 562    0.34374936    0.44230289    0.97787626    0.99980161    0.99980161
 563    0.34807709    0.44817847    0.97700153    0.99980423    0.99980423
 564    0.35245926    0.45412706    0.97609213    0.99980781    0.99980781
 565    0.35689655    0.46014883    0.97514671    0.99981247    0.99981247
 566    0.36138965    0.46624391    0.97416386    0.99981832    0.99981832
 567    0.36593927    0.47241234    0.97314215    0.99982547    0.99982547
 568    0.37054612    0.47865411    0.97208006    0.99983407    0.99983407
 569    0.37521091    0.48496913    0.97097606    0.99984426    0.99984426
 570    0.37993438    0.49135724    0.96982852    0.99985618    0.99985618
 571    0.38471726    0.49781817    0.96863579    0.99987002    0.99987002
 572    0.38956031    0.50435157    0.96739614    0.99988595    0.99988595
 573    0.39446427    0.51095702    0.96610781    0.99990416    0.99990416
 574    0.39942992    0.51763396    0.96476896    0.99992485    0.99992485
 575    0.40445802    0.52438174    0.96337769    0.99994825    0.99994825
 576    0.40954938    0.53119960    0.96193205    0.99997460    0.99997460
 577    0.41470477    0.53808666    0.96043002    1.00000415    1.00000415
 578    0.41992501    0.54504189    0.95886953    1.00003717    1.00003717
 579    0.42521092    0.55206417    0.95724843    1.00007394    1.00007394
 580    0.43056331    0.55915219    0.95556452    1.00011476    1.00011476
 581    0.43598303    0.56630453    0.95381552    1.00015997    1.00015997
 582    0.44147091    0.57351960    0.95199912    1.00020991    1.00020991
 583    0.44702783    0.58079565    0.95011290    1.00026492    1.00026492
 584    0.45265465    0.58813076    0.94815440    1.00032541    1.00032541
 585    0.45835224    0.59552285    0.94612111    1.00039176    1.00039176
 586    0.46412150    0.60296962    0.94401043    1.00046440    1.00046440
 587    0.46996333    0.61046862    0.94181971    1.00054377    1.00054377
 588    0.47587863    0.61801717    0.93954624    1.00063033    1.00063033
 589    0.48186835    0.62561241    0.93718724    1.00072457    1.00072457
 590    0.48793340    0.63325125    0.93473987    1.00082697    1.00082697
 591    0.49407475    0.64093039    0.93220126    1.00093807    1.00093807
 592    0.50029334    0.64864629    0.92956845    1.00105840    1.00105840
 593    0.50659015    0.65639518    0.92683845    1.00118851    1.00118851
 594    0.51296617    0.66417308    0.92400820    1.00132895    1.00132895
 595    0.51942239    0.67197572    0.92107463    1.00148032    1.00148032
 596    0.52595981    0.67979859    0.91803459    1.00164319    1.00164319
 597    0.53257947    0.68763694    0.91488492    1.00181815    1.00181815
 598    0.53928239    0.69548575    0.91162241    1.00200581    1.00200581
 599    0.54606963    0.70333971    0.90824383    1.00220676    1.00220676
 600    0.55294224    0.71119327    0.90474592    1.00242158    1.00242158
 601    0.55990129    0.71904057    0.90112542    1.00265085    1.00265085
 602    0.56694788    0.72687550    0.89737905    1.00289513    1.00289513
 603    0.57408310    0.73469164    0.89350354    1.00315497    1.00315497
 604    0.58130808    0.74248232    0.88949561    1.00343087    1.00343087
 605    0.58862393    0.75024056    0.88535201    1.00372329    1.00372329
 606    0.59603180    0.75795909    0.88106952    1.00403266    1.00403266
 607    0.60353286    0.76563037    0.87664494    1.00435934    1.00435934
 608    0.61112826    0.77324657    0.87207512    1.00470363    1.00470363
 609    0.61881921    0.78079958    0.86735699    1.00506574    1.00506574
 610    0.62660689    0.78828100    0.86248751    1.00544579    1.00544579
 611    0.63449254    0.79568217    0.85746377    1.00584379    1.00584379
 612    0.64247737    0.80299417    0.85228290    1.00625964    1.00625964
 613    0.65056263    0.81020778    0.84694220    1.00669307    1.00669307
 614    0.65874960    0.81731357    0.84143904    1.00714369    1.00714369
 615    0.66703955    0.82430185    0.83577096    1.00761090    1.00761090
 616    0.67543377    0.83116268    0.82993565    1.00809393    1.00809393
 617    0.68393358    0.83788593    0.82393096    1.00859176    1.00859176
 618    0.69254030    0.84446123    0.81775494    1.00910316    1.00910316
 619    0.70125528    0.85087804    0.81140583    1.00962662    1.00962662
 620    0.71007989    0.85712565    0.80488211    1.01016033    1.01016033
 621    0.71901549    0.86319316    0.79818247    1.01070216    1.01070216
 622    0.72806349    0.86906957    0.79130588    1.01124964    1.01124964
 623    0.73722530    0.87474375    0.78425157    1.01179991    1.01179991
 624    0.74650235    0.88020447    0.77701907    1.01234969    1.01234969
 625    0.75589609    0.88544047    0.76960821    1.01289527    1.01289527
 626    0.76540799    0.89044042    0.76201914    1.01343248    1.01343248
 627    0.77503953    0.89519301    0.75425236    1.01395658    1.01395658
 628    0.78479223    0.89968694    0.74630873    1.01446227    1.01446227
 629    0.79466760    0.90391100    0.73818948    1.01494368    1.01494368
 630    0.80466718    0.90785407    0.72989621    1.01539429    1.01539429
 631    0.81479255    0.91150518    0.72143095    1.01580686    1.01580686
 632    0.82504527    0.91485357    0.71279611    1.01617347    1.01617347
 633    0.83542696    0.91788869    0.70399455    1.01648538    1.01648538
 634    0.84593924    0.92060032    0.69502955    1.01673305    1.01673305
 635    0.85658374    0.92297855    0.68590482    1.01690607    1.01690607
 636    0.86736213    0.92501391    0.67662452    1.01699312    1.01699312
 637    0.87827610    0.92669737    0.66719325    1.01698194    1.01698194
 638    0.88932735    0.92802045    0.65761606    1.01685929    1.01685929
 639    0.90051761    0.92897526    0.64789844    1.01661092    1.01661092
 640    0.91184863    0.92955458    0.63804631    1.01622158    1.01622158
 641    0.92332217    0.92975193    0.62806602    1.01567496    1.01567496
 642    0.93494003    0.92956165    0.61796433    1.01495377    1.01495377
 643    0.94670402    0.92897894    0.60774839    1.01403972    1.01403972
 644    0.95861599    0.92799999    0.59742575    1.01291357    1.01291357
 645    0.97067779    0.92662199    0.58700428    1.01155526    1.01155526
 646    0.98289132    0.92484324    0.57649220    1.00994393    1.00994393
 647    0.99525846    0.92266320    0.56589802    1.00805817    1.00805817
 648    1.00778117    0.92008252    0.55523050    1.00587610    1.00587610
 649    1.02046140    0.91710313    0.54449865    1.00337565    1.00337565
 650    1.03330112    0.91372822    0.53371163    1.00053481    1.00053481
 651    1.04630234    0.90996230    0.52287879    0.99733194    0.99733194
 652    1.05946710    0.90581121    0.51200953    0.99374613    0.99374613
 653    1.07279746    0.90128203    0.50111334    0.98975758    0.98975758
 654    1.08629548    0.89638315    0.49019971    0.98534806    0.98534806
 655    1.09996330    0.89112410    0.47927810    0.98050140    0.98050140
 656    1.11380303    0.88551554    0.46835787    0.97520395    0.97520395
 657    1.12781684    0.87956909    0.45744830    0.96944510    0.96944510
 658    1.14200693    0.87329719    0.44655848    0.96321782    0.96321782
 659    1.15637551    0.86671294    0.43569733    0.95651913    0.95651913
 660    1.17092482    0.85982989    0.42487355    0.94935053    0.94935053
 661    1.18565714    0.85266174    0.41409560    0.94171845    0.94171845
 662    1.20057476    0.84522218    0.40337169    0.93363452    0.93363452
 663    1.21568003    0.83752448    0.39270978    0.92511577    0.92511577
 664    1.23097530    0.82958130    0.38211757    0.91618474    0.91618474
 665    1.24646296    0.82140426    0.37160252    0.90686937    0.90686937
 666    1.26214543    0.81300369    0.36117188    0.89720192    0.89720192
 667    1.27802517    0.80438838    0.35083270    0.88721006    0.88721006
 668    1.29410464    0.79556632    0.34059184    0.87690798    0.87690798
 669    1.31038637    0.78654554    0.33045600    0.86630272    0.86630272
 670    1.32687290    0.77733422    0.32043165    0.85540155    0.85540155
 671    1.34356680    0.76794059    0.31052505    0.84421239    0.84421239
 672    1.36047069    0.75837300    0.30074223    0.83274372    0.83274372
 673    1.37758720    0.74863986    0.29108900    0.82100466    0.82100466
 674    1.39491901    0.73874965    0.28157091    0.80900493    0.80900493
 675    1.41246883    0.72871089    0.27219324    0.79675481    0.79675481
 676    1.43023940    0.71853218    0.26296104    0.78426509    0.78426509
 677    1.44823350    0.70822213    0.25387906    0.77154709    0.77154709
 678    1.46645393    0.69778937    0.24495179    0.75861262    0.75861262
 679    1.48490355    0.68724256    0.23618342    0.74547395    0.74547395
 680    1.50358523    0.67659036    0.22757786    0.73214378    0.73214378
 681    1.52250190    0.66584142    0.21913872    0.71863520    0.71863520
 682    1.54165651    0.65500440    0.21086934    0.70496168    0.70496168
 683    1.56105206    0.64408789    0.20277271    0.69113699    0.69113699
 684    1.58069158    0.63310050    0.19485158    0.67717524    0.67717524
 685    1.60057813    0.62205076    0.18710834    0.66309076    0.66309076
 686    1.62071482    0.61094717    0.17954511    0.64889813    0.64889813
 687    1.64110480    0.59979815    0.17216372    0.63461210    0.63461210
 688    1.66175126    0.58861207    0.16496566    0.62024758    0.62024758
 689    1.68265741    0.57739722    0.15795216    0.60581959    0.60581959
 690    1.70382653    0.56616180    0.15112412    0.59134323    0.59134323
 691    1.72526193    0.55491392    0.14448219    0.57683361    0.57683361
 692    1.74696695    0.54366159    0.13802671    0.56230589    0.56230589
 693    1.76894499    0.53241271    0.13175772    0.54777515    0.54777515
 694    1.79119947    0.52117506    0.12567502    0.53325640    0.53325640
 695    1.81373389    0.50995631    0.11977812    0.51876457    0.51876457
 696    1.83655175    0.49876398    0.11406628    0.50431440    0.50431440
 697    1.85965662    0.48760546    0.10853848    0.48992049    0.48992049
 698    1.88305212    0.47648801    0.10319348    0.47559719    0.47559719
 699    1.90674190    0.46541873    0.09802979    0.46135863    0.46135863
 700    1.93072965    0.45440455    0.09304569    0.44721862    0.44721862
 701    1.95501914    0.44345226    0.08823925    0.43319071    0.43319071
 702    1.97961415    0.43256846    0.08360832    0.41928806    0.41928806
 703    2.00451853    0.42175959    0.07915055    0.40552349    0.40552349
 704    2.02973617    0.41103191    0.07486342    0.39190941    0.39190941
 705    2.05527100    0.40039147    0.07074421    0.37845779    0.37845779
 706    2.08112703    0.38984417    0.06679004    0.36518018    0.36518018
 707    2.10730828    0.37939567    0.06299788    0.35208765    0.35208765
 708    2.13381885    0.36905145    0.05936455    0.33919075    0.33919075
 709    2.16066289    0.35881680    0.05588675    0.32649956    0.32649956
 710    2.18784458    0.34869677    0.05256104    0.31402360    0.31402360
 711    2.21536817    0.33869620    0.04938390    0.30177184    0.30177184
 712    2.24323797    0.32881972    0.04635167    0.28975270    0.28975270
 713    2.27145833    0.31907173    0.04346066    0.27797402    0.27797402
 714    2.30003365    0.30945641    0.04070705    0.26644305    0.26644305
 715    2.32896841    0.29997771    0.03808700    0.25516643    0.25516643
 716    2.35826713    0.29063932    0.03559660    0.24415020    0.24415020
 717    2.38793437    0.28144472    0.03323191    0.23339981    0.23339981
 718    2.41797479    0.27239715    0.03098894    0.22292005    0.22292005
 719    2.44839306    0.26349960    0.02886371    0.21271512    0.21271512
 720    2.47919395    0.25475480    0.02685222    0.20278858    0.20278858
 721    2.51038227    0.24616525    0.02495045    0.19314340    0.19314340
 722    2.54196289    0.23773322    0.02315443    0.18378189    0.18378189
 723    2.57394074    0.22946070    0.02146018    0.17470578    0.17470578
 724    2.60632083    0.22134945    0.01986376    0.16591619    0.16591619
 725    2.63910821    0.21340097    0.01836127    0.15741363    0.15741363
 726    2.67230800    0.20561653    0.01694886    0.14919804    0.14919804
 727    2.70592539    0.19799713    0.01562270    0.14126880    0.14126880
 728    2.73996564    0.19054355    0.01437907    0.13362470    0.13362470
 729    2.77443407    0.18325630    0.01321427    0.12626403    0.12626403
 730    2.80933605    0.17613567    0.01212470    0.11918454    0.11918454
 731    2.84467704    0.16918170    0.01110682    0.11238348    0.11238348
 732    2.88046257    0.16239419    0.01015717    0.10585764    0.10585764
 733    2.91669823    0.15577272    0.00927240    0.09960335    0.09960335
 734    2.95338967    0.14931663    0.00844923    0.09361651    0.09361651
 735    2.99054264    0.14302504    0.00768446    0.08789264    0.08789264
 736    3.02816293    0.13689684    0.00697501    0.08242685    0.08242685
 737    3.06625643    0.13093073    0.00631789    0.07721395    0.07721395
 738    3.10482909    0.12512517    0.00571021    0.07224842    0.07224842
 739    3.14388693    0.11947841    0.00514916    0.06752446    0.06752446
 740    3.18343605    0.11398851    0.00463206    0.06303600    0.06303600
 741    3.22348265    0.10865333    0.00415633    0.05877677    0.05877677
 742    3.26403296    0.10347054    0.00371947    0.05474029    0.05474029
 743    3.30509334    0.09843759    0.00331911    0.05091994    0.05091994
 744    3.34667019    0.09355178    0.00295295    0.04730893    0.04730893
 745    3.38877002    0.08881019    0.00261882    0.04390040    0.04390040
 746    3.43139940    0.08420973    0.00231463    0.04068740    0.04068740
 747    3.47456499    0.07974715    0.00203839    0.03766290    0.03766290
 748    3.51827353    0.07541899    0.00178822    0.03481983    0.03481983
 749    3.56253186    0.07122165    0.00156231    0.03215087    0.03215087
 750    3.60734689    0.06715141    0.00135896    0.02964821    0.02964821
 751    3.65272563    0.06320455    0.00117655    0.02730323    0.02730323
 752    3.69867516    0.05937756    0.00101353    0.02510644    0.02510644
 753    3.74520266    0.05566735    0.00086845    0.02304763    0.02304763
 754    3.79231541    0.05207144    0.00073990    0.02111634    0.02111634
 755    3.84002076    0.04858819    0.00062657    0.01930238    0.01930238
 756    3.88832617    0.04521685    0.00052719    0.01759632    0.01759632
 757    3.93723919    0.04195760    0.00044054    0.01598988    0.01598988
 758    3.98676746    0.03881153    0.00036547    0.01447621    0.01447621
 759    4.03691872    0.03578052    0.00030086    0.01304999    0.01304999
 760    4.08770081    0.03286711    0.00024566    0.01170735    0.01170735
 761    4.13912165    0.03007430    0.00019886    0.01044578    0.01044578
 762    4.19118929    0.02740537    0.00015951    0.00926386    0.00926386
 763    4.24391186    0.02486368    0.00012671    0.00816100    0.00816100
 764    4.29729760    0.02245244    0.00009963    0.00713713    0.00713713
 765    4.35135484    0.02017454    0.00007749    0.00619237    0.00619237
 766    4.40609205    0.01803238    0.00005958    0.00532679    0.00532679
 767    4.46151776    0.01602770    0.00004526    0.00454010    0.00454010
 768    4.51764064    0.01416148    0.00003393    0.00383145    0.00383145
 769    4.57446946    0.01243380    0.00002509    0.00319932    0.00319932
 770    4.63201310    0.01084385    0.00001828    0.00264139    0.00264139
 771    4.69028055    0.00938981    0.00001311    0.00215455    0.00215455
 772    4.74928091    0.00806890    0.00000925    0.00173490    0.00173490
 773    4.80902341    0.00687740    0.00000640    0.00137786    0.00137786
 774    4.86951738    0.00581066    0.00000435    0.00107828    0.00107828
 775    4.93077226    0.00486321    0.00000289    0.00083061    0.00083061
 776    4.99279764    0.00402886    0.00000188    0.00062905    0.00062905
 777    5.05560320    0.00330076    0.00000119    0.00046777    0.00046777
 778    5.11919876    0.00267156    0.00000073    0.00034102    0.00034102
 779    5.18359425    0.00213354    0.00000044    0.00024332    0.00024332
 780    5.24879974    0.00167873    0.00000025    0.00016957    0.00016957
 781    5.31482541    0.00129904    0.00000014    0.00011514    0.00011514
 782    5.38168158    0.00098640    0.00000007    0.00007596    0.00007596
 783    5.44937870    0.00073288    0.00000004    0.00004852    0.00004852
 784    5.51792734    0.00053082    0.00000002    0.00002988    0.00002988
 785    5.58733822    0.00037288    0.00000001    0.00001764    0.00001764
 786    5.65762218    0.00025218    0.00000000    0.00000991    0.00000991
 787    5.72879020    0.00016233    0.00000000    0.00000526    0.00000526
 788    5.80085341    0.00009746    0.00000000    0.00000261    0.00000261
 789    5.87382306    0.00005222    0.00000000    0.00000120    0.00000120
 790    5.94771056    0.00002158   -0.00000000    0.00000054    0.00000054
 791    6.02252744    0.00000000   -0.00000000    0.00000054    0.00000054
