               -274.3891918768
          0.001324898       0.000000000       0.000000000
          0.000000000       0.001324898       0.000000000
          0.000000000       0.000000000       0.001324898
           5
  1    56      -0.000000000       0.000000000      -0.000000000  Ba
  2    22       0.000000000      -0.000000000      -0.000000000  Ti
  3     8       0.000000000       0.000000000      -0.000000000  O
  3     8       0.000000000       0.000000000       0.000000000  O
  3     8      -0.000000000       0.000000000       0.000000000  O
