     1  1  0.00925926      23
     2  1  0.00925926      23
     3  1  0.00925926      23
     4  1  0.00925926      23
     5  1  0.00925926      21
     6  1  0.00925926      21
     7  1  0.00925926      23
     8  1  0.00925926      23
     9  1  0.00925926      23
    10  1  0.00925926      23
    11  1  0.00925926      21
    12  1  0.00925926      21
    13  1  0.00925926      23
    14  1  0.00925926      23
    15  1  0.00925926      23
    16  1  0.00925926      23
    17  1  0.00925926      21
    18  1  0.00925926      21
    19  1  0.00925926      23
    20  1  0.00925926      23
    21  1  0.00925926      23
    22  1  0.00925926      23
    23  1  0.00925926      21
    24  1  0.00925926      21
    25  1  0.00925926      21
    26  1  0.00925926      21
    27  1  0.00925926      21
    28  1  0.00925926      21
    29  1  0.00925926      20
    30  1  0.00925926      20
    31  1  0.00925926      21
    32  1  0.00925926      21
    33  1  0.00925926      21
    34  1  0.00925926      21
    35  1  0.00925926      20
    36  1  0.00925926      20
    37  1  0.00925926      21
    38  1  0.00925926      23
    39  1  0.00925926      23
    40  1  0.00925926      21
    41  1  0.00925926      20
    42  1  0.00925926      20
    43  1  0.00925926      23
    44  1  0.00925926      23
    45  1  0.00925926      23
    46  1  0.00925926      23
    47  1  0.00925926      21
    48  1  0.00925926      21
    49  1  0.00925926      23
    50  1  0.00925926      23
    51  1  0.00925926      23
    52  1  0.00925926      23
    53  1  0.00925926      21
    54  1  0.00925926      21
    55  1  0.00925926      21
    56  1  0.00925926      23
    57  1  0.00925926      23
    58  1  0.00925926      21
    59  1  0.00925926      20
    60  1  0.00925926      20
    61  1  0.00925926      20
    62  1  0.00925926      21
    63  1  0.00925926      21
    64  1  0.00925926      20
    65  1  0.00925926      20
    66  1  0.00925926      20
    67  1  0.00925926      20
    68  1  0.00925926      21
    69  1  0.00925926      21
    70  1  0.00925926      20
    71  1  0.00925926      20
    72  1  0.00925926      20
    73  1  0.00925926      20
    74  1  0.00925926      21
    75  1  0.00925926      21
    76  1  0.00925926      20
    77  1  0.00925926      20
    78  1  0.00925926      20
    79  1  0.00925926      21
    80  1  0.00925926      21
    81  1  0.00925926      21
    82  1  0.00925926      21
    83  1  0.00925926      20
    84  1  0.00925926      20
    85  1  0.00925926      21
    86  1  0.00925926      21
    87  1  0.00925926      21
    88  1  0.00925926      21
    89  1  0.00925926      20
    90  1  0.00925926      20
    91  1  0.00925926      20
    92  1  0.00925926      21
    93  1  0.00925926      21
    94  1  0.00925926      20
    95  1  0.00925926      20
    96  1  0.00925926      20
    97  1  0.00925926      20
    98  1  0.00925926      20
    99  1  0.00925926      20
   100  1  0.00925926      20
   101  1  0.00925926      20
   102  1  0.00925926      20
   103  1  0.00925926      20
   104  1  0.00925926      20
   105  1  0.00925926      20
   106  1  0.00925926      20
   107  1  0.00925926      20
   108  1  0.00925926      20
