   1    0.00000000    0.00000000    1.00000000    1.00000000    1.00000000
   2    0.00000390    0.00000476    1.00000000    1.00000000    1.00000000
   3    0.00000784    0.00000959    1.00000000    1.00000000    1.00000000
   4    0.00001184    0.00001447    1.00000000    1.00000000    1.00000000
   5    0.00001589    0.00001942    1.00000000    1.00000000    1.00000000
   6    0.00001998    0.00002443    1.00000000    1.00000000    1.00000000
   7    0.00002413    0.00002950    1.00000000    1.00000000    1.00000000
   8    0.00002833    0.00003463    1.00000000    1.00000000    1.00000000
   9    0.00003259    0.00003983    1.00000000    1.00000000    1.00000000
  10    0.00003689    0.00004510    1.00000000    1.00000000    1.00000000
  11    0.00004126    0.00005043    1.00000000    1.00000000    1.00000000
  12    0.00004567    0.00005583    1.00000000    1.00000000    1.00000000
  13    0.00005014    0.00006130    1.00000000    1.00000000    1.00000000
  14    0.00005467    0.00006683    1.00000000    1.00000000    1.00000000
  15    0.00005926    0.00007244    1.00000000    1.00000000    1.00000000
  16    0.00006390    0.00007811    1.00000000    1.00000000    1.00000000
  17    0.00006860    0.00008386    1.00000000    1.00000000    1.00000000
  18    0.00007336    0.00008968    1.00000000    1.00000000    1.00000000
  19    0.00007818    0.00009557    1.00000000    1.00000000    1.00000000
  20    0.00008306    0.00010154    1.00000000    1.00000000    1.00000000
  21    0.00008800    0.00010758    1.00000000    1.00000000    1.00000000
  22    0.00009301    0.00011370    1.00000000    1.00000000    1.00000000
  23    0.00009808    0.00011989    1.00000000    1.00000000    1.00000000
  24    0.00010321    0.00012616    1.00000000    1.00000000    1.00000000
  25    0.00010840    0.00013251    1.00000000    1.00000000    1.00000000
  26    0.00011366    0.00013894    1.00000000    1.00000000    1.00000000
  27    0.00011899    0.00014546    1.00000000    1.00000000    1.00000000
  28    0.00012438    0.00015205    1.00000000    1.00000000    1.00000000
  29    0.00012985    0.00015873    1.00000000    1.00000000    1.00000000
  30    0.00013538    0.00016549    1.00000000    1.00000000    1.00000000
  31    0.00014098    0.00017233    1.00000000    1.00000000    1.00000000
  32    0.00014665    0.00017927    1.00000000    1.00000000    1.00000000
  33    0.00015239    0.00018629    1.00000000    1.00000000    1.00000000
  34    0.00015820    0.00019339    1.00000000    1.00000000    1.00000000
  35    0.00016409    0.00020059    1.00000000    1.00000000    1.00000000
  36    0.00017005    0.00020788    1.00000000    1.00000000    1.00000000
  37    0.00017609    0.00021526    1.00000000    1.00000000    1.00000000
  38    0.00018220    0.00022273    1.00000000    1.00000000    1.00000000
  39    0.00018839    0.00023029    1.00000000    1.00000000    1.00000000
  40    0.00019466    0.00023795    1.00000000    1.00000000    1.00000000
  41    0.00020100    0.00024571    1.00000000    1.00000000    1.00000000
  42    0.00020743    0.00025357    1.00000000    1.00000000    1.00000000
  43    0.00021393    0.00026152    1.00000000    1.00000000    1.00000000
  44    0.00022052    0.00026957    1.00000000    1.00000000    1.00000000
  45    0.00022719    0.00027773    1.00000000    1.00000000    1.00000000
  46    0.00023395    0.00028599    1.00000000    1.00000000    1.00000000
  47    0.00024079    0.00029435    1.00000000    1.00000000    1.00000000
  48    0.00024772    0.00030282    1.00000000    1.00000000    1.00000000
  49    0.00025473    0.00031139    1.00000000    1.00000000    1.00000000
  50    0.00026183    0.00032007    1.00000000    1.00000000    1.00000000
  51    0.00026902    0.00032886    1.00000000    1.00000000    1.00000000
  52    0.00027630    0.00033776    1.00000000    1.00000000    1.00000000
  53    0.00028367    0.00034677    1.00000000    1.00000000    1.00000000
  54    0.00029114    0.00035590    1.00000000    1.00000000    1.00000000
  55    0.00029870    0.00036514    1.00000000    1.00000000    1.00000000
  56    0.00030635    0.00037450    1.00000000    1.00000000    1.00000000
  57    0.00031411    0.00038397    1.00000000    1.00000000    1.00000000
  58    0.00032195    0.00039357    1.00000000    1.00000000    1.00000000
  59    0.00032990    0.00040328    1.00000000    1.00000000    1.00000000
  60    0.00033795    0.00041312    1.00000000    1.00000000    1.00000000
  61    0.00034610    0.00042308    1.00000000    1.00000000    1.00000000
  62    0.00035435    0.00043316    1.00000000    1.00000000    1.00000000
  63    0.00036270    0.00044338    1.00000000    1.00000000    1.00000000
  64    0.00037116    0.00045372    1.00000000    1.00000000    1.00000000
  65    0.00037973    0.00046419    1.00000000    1.00000000    1.00000000
  66    0.00038840    0.00047479    1.00000000    1.00000000    1.00000000
  67    0.00039718    0.00048553    1.00000000    1.00000000    1.00000000
  68    0.00040608    0.00049640    1.00000000    1.00000000    1.00000000
  69    0.00041508    0.00050741    1.00000000    1.00000000    1.00000000
  70    0.00042420    0.00051856    1.00000000    1.00000000    1.00000000
  71    0.00043343    0.00052984    1.00000000    1.00000000    1.00000000
  72    0.00044278    0.00054127    1.00000000    1.00000000    1.00000000
  73    0.00045225    0.00055284    1.00000000    1.00000000    1.00000000
  74    0.00046184    0.00056456    1.00000000    1.00000000    1.00000000
  75    0.00047154    0.00057643    1.00000000    1.00000000    1.00000000
  76    0.00048137    0.00058844    1.00000000    1.00000000    1.00000000
  77    0.00049132    0.00060061    1.00000000    1.00000000    1.00000000
  78    0.00050140    0.00061293    1.00000000    1.00000000    1.00000000
  79    0.00051160    0.00062540    1.00000000    1.00000000    1.00000000
  80    0.00052194    0.00063803    1.00000000    1.00000000    1.00000000
  81    0.00053240    0.00065082    1.00000000    1.00000000    1.00000000
  82    0.00054299    0.00066377    1.00000000    1.00000000    1.00000000
  83    0.00055372    0.00067689    1.00000000    1.00000000    1.00000000
  84    0.00056458    0.00069016    1.00000000    1.00000000    1.00000000
  85    0.00057558    0.00070361    1.00000000    1.00000000    1.00000000
  86    0.00058672    0.00071722    1.00000000    1.00000000    1.00000000
  87    0.00059800    0.00073101    1.00000000    1.00000000    1.00000000
  88    0.00060942    0.00074497    1.00000000    1.00000000    1.00000000
  89    0.00062098    0.00075910    1.00000000    1.00000000    1.00000000
  90    0.00063269    0.00077342    1.00000000    1.00000000    1.00000000
  91    0.00064454    0.00078791    1.00000000    1.00000000    1.00000000
  92    0.00065655    0.00080258    1.00000000    1.00000000    1.00000000
  93    0.00066870    0.00081744    1.00000000    1.00000000    1.00000000
  94    0.00068101    0.00083249    1.00000000    1.00000000    1.00000000
  95    0.00069348    0.00084773    1.00000000    1.00000000    1.00000000
  96    0.00070610    0.00086315    1.00000000    1.00000000    1.00000000
  97    0.00071887    0.00087878    1.00000000    1.00000000    1.00000000
  98    0.00073181    0.00089459    1.00000000    1.00000000    1.00000000
  99    0.00074492    0.00091061    1.00000000    1.00000000    1.00000000
 100    0.00075818    0.00092683    1.00000000    1.00000000    1.00000000
 101    0.00077162    0.00094325    1.00000000    1.00000000    1.00000000
 102    0.00078522    0.00095988    1.00000000    1.00000000    1.00000000
 103    0.00079900    0.00097672    1.00000000    1.00000000    1.00000000
 104    0.00081294    0.00099377    1.00000000    1.00000000    1.00000000
 105    0.00082707    0.00101103    1.00000000    1.00000000    1.00000000
 106    0.00084137    0.00102851    1.00000000    1.00000000    1.00000000
 107    0.00085585    0.00104621    1.00000000    1.00000000    1.00000000
 108    0.00087051    0.00106414    1.00000000    1.00000000    1.00000000
 109    0.00088536    0.00108229    1.00000000    1.00000000    1.00000000
 110    0.00090039    0.00110067    1.00000000    1.00000000    1.00000000
 111    0.00091561    0.00111927    1.00000000    1.00000000    1.00000000
 112    0.00093103    0.00113812    1.00000000    1.00000000    1.00000000
 113    0.00094664    0.00115720    1.00000000    1.00000000    1.00000000
 114    0.00096244    0.00117652    1.00000000    1.00000000    1.00000000
 115    0.00097844    0.00119608    1.00000000    1.00000000    1.00000000
 116    0.00099465    0.00121589    1.00000000    1.00000000    1.00000000
 117    0.00101106    0.00123595    1.00000000    1.00000000    1.00000000
 118    0.00102767    0.00125626    1.00000000    1.00000000    1.00000000
 119    0.00104450    0.00127682    1.00000000    1.00000000    1.00000000
 120    0.00106153    0.00129765    1.00000000    1.00000000    1.00000000
 121    0.00107878    0.00131874    1.00000000    1.00000000    1.00000000
 122    0.00109625    0.00134009    1.00000000    1.00000000    1.00000000
 123    0.00111393    0.00136171    1.00000000    1.00000000    1.00000000
 124    0.00113184    0.00138360    1.00000000    1.00000000    1.00000000
 125    0.00114998    0.00140577    1.00000000    1.00000000    1.00000000
 126    0.00116834    0.00142822    1.00000000    1.00000000    1.00000000
 127    0.00118693    0.00145094    1.00000000    1.00000000    1.00000000
 128    0.00120576    0.00147396    1.00000000    1.00000000    1.00000000
 129    0.00122482    0.00149726    1.00000000    1.00000000    1.00000000
 130    0.00124413    0.00152086    1.00000000    1.00000000    1.00000000
 131    0.00126367    0.00154476    1.00000000    1.00000000    1.00000000
 132    0.00128347    0.00156895    1.00000000    1.00000000    1.00000000
 133    0.00130351    0.00159345    1.00000000    1.00000000    1.00000000
 134    0.00132380    0.00161826    1.00000000    1.00000000    1.00000000
 135    0.00134435    0.00164338    1.00000000    1.00000000    1.00000000
 136    0.00136516    0.00166881    1.00000000    1.00000000    1.00000000
 137    0.00138623    0.00169457    1.00000000    1.00000000    1.00000000
 138    0.00140756    0.00172065    1.00000000    1.00000000    1.00000000
 139    0.00142916    0.00174706    1.00000000    1.00000000    1.00000000
 140    0.00145104    0.00177379    1.00000000    1.00000000    1.00000000
 141    0.00147319    0.00180087    1.00000000    1.00000000    1.00000000
 142    0.00149561    0.00182829    1.00000000    1.00000000    1.00000000
 143    0.00151832    0.00185605    1.00000000    1.00000000    1.00000000
 144    0.00154132    0.00188416    1.00000000    1.00000000    1.00000000
 145    0.00156460    0.00191262    1.00000000    1.00000000    1.00000000
 146    0.00158818    0.00194145    1.00000000    1.00000000    1.00000000
 147    0.00161205    0.00197063    1.00000000    1.00000000    1.00000000
 148    0.00163623    0.00200018    1.00000000    1.00000000    1.00000000
 149    0.00166071    0.00203011    1.00000000    1.00000000    1.00000000
 150    0.00168549    0.00206041    1.00000000    1.00000000    1.00000000
 151    0.00171059    0.00209109    1.00000000    1.00000000    1.00000000
 152    0.00173601    0.00212215    1.00000000    1.00000000    1.00000000
 153    0.00176174    0.00215361    1.00000000    1.00000000    1.00000000
 154    0.00178780    0.00218547    1.00000000    1.00000000    1.00000000
 155    0.00181418    0.00221772    1.00000000    1.00000000    1.00000000
 156    0.00184090    0.00225038    1.00000000    1.00000000    1.00000000
 157    0.00186795    0.00228345    1.00000000    1.00000000    1.00000000
 158    0.00189535    0.00231694    1.00000000    1.00000000    1.00000000
 159    0.00192308    0.00235084    1.00000000    1.00000000    1.00000000
 160    0.00195117    0.00238518    1.00000000    1.00000000    1.00000000
 161    0.00197961    0.00241995    1.00000000    1.00000000    1.00000000
 162    0.00200841    0.00245515    1.00000000    1.00000000    1.00000000
 163    0.00203757    0.00249080    1.00000000    1.00000000    1.00000000
 164    0.00206710    0.00252689    1.00000000    1.00000000    1.00000000
 165    0.00209699    0.00256344    1.00000000    1.00000000    1.00000000
 166    0.00212727    0.00260045    1.00000000    1.00000000    1.00000000
 167    0.00215792    0.00263792    0.99999999    1.00000000    1.00000000
 168    0.00218896    0.00267587    0.99999999    1.00000000    1.00000000
 169    0.00222039    0.00271429    0.99999999    1.00000000    1.00000000
 170    0.00225222    0.00275320    0.99999999    1.00000000    1.00000000
 171    0.00228445    0.00279259    0.99999999    1.00000000    1.00000000
 172    0.00231708    0.00283248    0.99999999    1.00000000    1.00000000
 173    0.00235012    0.00287288    0.99999999    1.00000000    1.00000000
 174    0.00238358    0.00291378    0.99999999    1.00000000    1.00000000
 175    0.00241746    0.00295519    0.99999999    1.00000000    1.00000000
 176    0.00245177    0.00299713    0.99999999    1.00000000    1.00000000
 177    0.00248650    0.00303959    0.99999999    1.00000000    1.00000000
 178    0.00252168    0.00308259    0.99999999    1.00000000    1.00000000
 179    0.00255729    0.00312613    0.99999999    1.00000000    1.00000000
 180    0.00259336    0.00317022    0.99999999    1.00000000    1.00000000
 181    0.00262987    0.00321486    0.99999999    1.00000000    1.00000000
 182    0.00266685    0.00326006    0.99999999    1.00000000    1.00000000
 183    0.00270429    0.00330583    0.99999999    1.00000000    1.00000000
 184    0.00274221    0.00335218    0.99999999    1.00000000    1.00000000
 185    0.00278060    0.00339911    0.99999999    1.00000000    1.00000000
 186    0.00281947    0.00344663    0.99999999    1.00000000    1.00000000
 187    0.00285883    0.00349475    0.99999999    1.00000000    1.00000000
 188    0.00289869    0.00354347    0.99999999    1.00000000    1.00000000
 189    0.00293905    0.00359280    0.99999999    1.00000000    1.00000000
 190    0.00297991    0.00364276    0.99999999    1.00000000    1.00000000
 191    0.00302129    0.00369335    0.99999999    1.00000000    1.00000000
 192    0.00306319    0.00374457    0.99999999    1.00000000    1.00000000
 193    0.00310562    0.00379643    0.99999998    1.00000000    1.00000000
 194    0.00314858    0.00384895    0.99999998    1.00000000    1.00000000
 195    0.00319208    0.00390213    0.99999998    1.00000000    1.00000000
 196    0.00323613    0.00395598    0.99999998    1.00000000    1.00000000
 197    0.00328074    0.00401050    0.99999998    1.00000000    1.00000000
 198    0.00332590    0.00406572    0.99999998    1.00000000    1.00000000
 199    0.00337163    0.00412162    0.99999998    1.00000000    1.00000000
 200    0.00341794    0.00417823    0.99999998    1.00000000    1.00000000
 201    0.00346483    0.00423555    0.99999998    1.00000000    1.00000000
 202    0.00351231    0.00429359    0.99999998    1.00000000    1.00000000
 203    0.00356039    0.00435236    0.99999998    1.00000000    1.00000000
 204    0.00360907    0.00441188    0.99999998    1.00000000    1.00000000
 205    0.00365836    0.00447214    0.99999998    1.00000000    1.00000000
 206    0.00370827    0.00453315    0.99999997    1.00000000    1.00000000
 207    0.00375882    0.00459494    0.99999997    1.00000000    1.00000000
 208    0.00380999    0.00465750    0.99999997    1.00000000    1.00000000
 209    0.00386181    0.00472085    0.99999997    1.00000000    1.00000000
 210    0.00391429    0.00478500    0.99999997    1.00000000    1.00000000
 211    0.00396742    0.00484995    0.99999997    1.00000000    1.00000000
 212    0.00402122    0.00491572    0.99999997    1.00000000    1.00000000
 213    0.00407570    0.00498232    0.99999997    1.00000000    1.00000000
 214    0.00413086    0.00504976    0.99999996    1.00000000    1.00000000
 215    0.00418672    0.00511804    0.99999996    1.00000000    1.00000000
 216    0.00424328    0.00518718    0.99999996    1.00000000    1.00000000
 217    0.00430055    0.00525720    0.99999996    1.00000000    1.00000000
 218    0.00435854    0.00532809    0.99999996    1.00000000    1.00000000
 219    0.00441726    0.00539987    0.99999996    1.00000000    1.00000000
 220    0.00447672    0.00547256    0.99999995    1.00000000    1.00000000
 221    0.00453693    0.00554617    0.99999995    1.00000000    1.00000000
 222    0.00459790    0.00562069    0.99999995    1.00000000    1.00000000
 223    0.00465963    0.00569616    0.99999995    1.00000000    1.00000000
 224    0.00472214    0.00577258    0.99999995    1.00000000    1.00000000
 225    0.00478543    0.00584995    0.99999994    1.00000000    1.00000000
 226    0.00484952    0.00592830    0.99999994    1.00000000    1.00000000
 227    0.00491442    0.00600764    0.99999994    1.00000000    1.00000000
 228    0.00498013    0.00608797    0.99999994    1.00000000    1.00000000
 229    0.00504667    0.00616932    0.99999993    1.00000000    1.00000000
 230    0.00511405    0.00625168    0.99999993    1.00000000    1.00000000
 231    0.00518227    0.00633509    0.99999993    1.00000000    1.00000000
 232    0.00525136    0.00641954    0.99999993    1.00000000    1.00000000
 233    0.00532131    0.00650506    0.99999992    1.00000000    1.00000000
 234    0.00539214    0.00659165    0.99999992    1.00000000    1.00000000
 235    0.00546386    0.00667933    0.99999992    1.00000000    1.00000000
 236    0.00553648    0.00676811    0.99999991    1.00000000    1.00000000
 237    0.00561002    0.00685801    0.99999991    1.00000000    1.00000000
 238    0.00568448    0.00694904    0.99999991    1.00000000    1.00000000
 239    0.00575988    0.00704122    0.99999990    1.00000000    1.00000000
 240    0.00583623    0.00713456    0.99999990    1.00000000    1.00000000
 241    0.00591354    0.00722907    0.99999989    1.00000000    1.00000000
 242    0.00599182    0.00732477    0.99999989    1.00000000    1.00000000
 243    0.00607109    0.00742167    0.99999989    1.00000000    1.00000000
 244    0.00615135    0.00751979    0.99999988    1.00000000    1.00000000
 245    0.00623262    0.00761915    0.99999988    1.00000000    1.00000000
 246    0.00631491    0.00771976    0.99999987    1.00000000    1.00000000
 247    0.00639824    0.00782163    0.99999987    1.00000000    1.00000000
 248    0.00648262    0.00792478    0.99999986    1.00000000    1.00000000
 249    0.00656806    0.00802923    0.99999986    1.00000000    1.00000000
 250    0.00665457    0.00813500    0.99999985    1.00000000    1.00000000
 251    0.00674217    0.00824210    0.99999984    1.00000000    1.00000000
 252    0.00683088    0.00835054    0.99999984    1.00000000    1.00000000
 253    0.00692070    0.00846035    0.99999983    1.00000000    1.00000000
 254    0.00701165    0.00857154    0.99999982    1.00000000    1.00000000
 255    0.00710374    0.00868413    0.99999982    1.00000000    1.00000000
 256    0.00719699    0.00879813    0.99999981    1.00000000    1.00000000
 257    0.00729141    0.00891357    0.99999980    1.00000000    1.00000000
 258    0.00738703    0.00903046    0.99999980    1.00000000    1.00000000
 259    0.00748384    0.00914883    0.99999979    1.00000000    1.00000000
 260    0.00758187    0.00926868    0.99999978    1.00000000    1.00000000
 261    0.00768114    0.00939004    0.99999977    1.00000000    1.00000000
 262    0.00778165    0.00951293    0.99999976    1.00000000    1.00000000
 263    0.00788343    0.00963736    0.99999975    1.00000000    1.00000000
 264    0.00798649    0.00976336    0.99999974    1.00000000    1.00000000
 265    0.00809085    0.00989094    0.99999973    0.99999999    0.99999999
 266    0.00819651    0.01002013    0.99999972    0.99999999    0.99999999
 267    0.00830351    0.01015094    0.99999971    0.99999999    0.99999999
 268    0.00841185    0.01028340    0.99999970    0.99999999    0.99999999
 269    0.00852156    0.01041753    0.99999969    0.99999999    0.99999999
 270    0.00863264    0.01055334    0.99999967    0.99999999    0.99999999
 271    0.00874513    0.01069087    0.99999966    0.99999999    0.99999999
 272    0.00885902    0.01083012    0.99999965    0.99999999    0.99999999
 273    0.00897435    0.01097113    0.99999963    0.99999999    0.99999999
 274    0.00909113    0.01111391    0.99999962    0.99999999    0.99999999
 275    0.00920938    0.01125848    0.99999960    0.99999999    0.99999999
 276    0.00932912    0.01140488    0.99999959    0.99999999    0.99999999
 277    0.00945036    0.01155312    0.99999957    0.99999999    0.99999999
 278    0.00957313    0.01170322    0.99999955    0.99999999    0.99999999
 279    0.00969745    0.01185521    0.99999954    0.99999999    0.99999999
 280    0.00982332    0.01200912    0.99999952    0.99999999    0.99999999
 281    0.00995078    0.01216496    0.99999950    0.99999999    0.99999999
 282    0.01007984    0.01232276    0.99999948    0.99999999    0.99999999
 283    0.01021053    0.01248255    0.99999946    0.99999999    0.99999999
 284    0.01034286    0.01264435    0.99999944    0.99999999    0.99999999
 285    0.01047685    0.01280818    0.99999942    0.99999999    0.99999999
 286    0.01061253    0.01297408    0.99999939    0.99999999    0.99999999
 287    0.01074992    0.01314206    0.99999937    0.99999999    0.99999999
 288    0.01088904    0.01331216    0.99999934    0.99999999    0.99999999
 289    0.01102990    0.01348440    0.99999932    0.99999999    0.99999999
 290    0.01117254    0.01365881    0.99999929    0.99999999    0.99999999
 291    0.01131697    0.01383541    0.99999926    0.99999999    0.99999999
 292    0.01146321    0.01401423    0.99999924    0.99999999    0.99999999
 293    0.01161130    0.01419531    0.99999921    0.99999998    0.99999998
 294    0.01176125    0.01437866    0.99999917    0.99999998    0.99999998
 295    0.01191309    0.01456432    0.99999914    0.99999998    0.99999998
 296    0.01206683    0.01475232    0.99999911    0.99999998    0.99999998
 297    0.01222251    0.01494268    0.99999907    0.99999998    0.99999998
 298    0.01238015    0.01513544    0.99999904    0.99999998    0.99999998
 299    0.01253977    0.01533063    0.99999900    0.99999998    0.99999998
 300    0.01270140    0.01552827    0.99999896    0.99999998    0.99999998
 301    0.01286506    0.01572840    0.99999892    0.99999998    0.99999998
 302    0.01303078    0.01593105    0.99999888    0.99999998    0.99999998
 303    0.01319858    0.01613625    0.99999883    0.99999998    0.99999998
 304    0.01336850    0.01634404    0.99999879    0.99999998    0.99999998
 305    0.01354055    0.01655444    0.99999874    0.99999998    0.99999998
 306    0.01371477    0.01676748    0.99999869    0.99999998    0.99999998
 307    0.01389118    0.01698321    0.99999864    0.99999997    0.99999997
 308    0.01406980    0.01720166    0.99999859    0.99999997    0.99999997
 309    0.01425068    0.01742285    0.99999853    0.99999997    0.99999997
 310    0.01443382    0.01764683    0.99999847    0.99999997    0.99999997
 311    0.01461928    0.01787363    0.99999841    0.99999997    0.99999997
 312    0.01480706    0.01810329    0.99999835    0.99999997    0.99999997
 313    0.01499721    0.01833583    0.99999829    0.99999997    0.99999997
 314    0.01518975    0.01857131    0.99999822    0.99999997    0.99999997
 315    0.01538471    0.01880975    0.99999815    0.99999997    0.99999997
 316    0.01558212    0.01905119    0.99999808    0.99999996    0.99999996
 317    0.01578202    0.01929567    0.99999800    0.99999996    0.99999996
 318    0.01598443    0.01954323    0.99999793    0.99999996    0.99999996
 319    0.01618939    0.01979390    0.99999785    0.99999996    0.99999996
 320    0.01639692    0.02004774    0.99999776    0.99999996    0.99999996
 321    0.01660707    0.02030477    0.99999767    0.99999996    0.99999996
 322    0.01681985    0.02056503    0.99999758    0.99999995    0.99999995
 323    0.01703532    0.02082858    0.99999749    0.99999995    0.99999995
 324    0.01725350    0.02109544    0.99999739    0.99999995    0.99999995
 325    0.01747441    0.02136566    0.99999729    0.99999995    0.99999995
 326    0.01769811    0.02163929    0.99999718    0.99999995    0.99999995
 327    0.01792463    0.02191636    0.99999708    0.99999994    0.99999994
 328    0.01815399    0.02219692    0.99999696    0.99999994    0.99999994
 329    0.01838623    0.02248102    0.99999684    0.99999994    0.99999994
 330    0.01862140    0.02276869    0.99999672    0.99999994    0.99999994
 331    0.01885953    0.02305999    0.99999659    0.99999994    0.99999994
 332    0.01910065    0.02335496    0.99999646    0.99999993    0.99999993
 333    0.01934480    0.02365364    0.99999632    0.99999993    0.99999993
 334    0.01959203    0.02395609    0.99999618    0.99999993    0.99999993
 335    0.01984236    0.02426235    0.99999603    0.99999993    0.99999993
 336    0.02009585    0.02457246    0.99999588    0.99999992    0.99999992
 337    0.02035252    0.02488649    0.99999572    0.99999992    0.99999992
 338    0.02061242    0.02520446    0.99999555    0.99999992    0.99999992
 339    0.02087559    0.02552645    0.99999538    0.99999991    0.99999991
 340    0.02114207    0.02585249    0.99999520    0.99999991    0.99999991
 341    0.02141190    0.02618264    0.99999501    0.99999991    0.99999991
 342    0.02168512    0.02651696    0.99999482    0.99999990    0.99999990
 343    0.02196179    0.02685548    0.99999462    0.99999990    0.99999990
 344    0.02224193    0.02719827    0.99999441    0.99999990    0.99999990
 345    0.02252560    0.02754539    0.99999420    0.99999989    0.99999989
 346    0.02281283    0.02789688    0.99999397    0.99999989    0.99999989
 347    0.02310368    0.02825279    0.99999374    0.99999988    0.99999988
 348    0.02339818    0.02861320    0.99999349    0.99999988    0.99999988
 349    0.02369639    0.02897815    0.99999324    0.99999987    0.99999987
 350    0.02399836    0.02934770    0.99999298    0.99999987    0.99999987
 351    0.02430412    0.02972191    0.99999271    0.99999986    0.99999986
 352    0.02461372    0.03010083    0.99999243    0.99999986    0.99999986
 353    0.02492722    0.03048454    0.99999213    0.99999985    0.99999985
 354    0.02524466    0.03087308    0.99999183    0.99999985    0.99999985
 355    0.02556610    0.03126653    0.99999151    0.99999984    0.99999984
 356    0.02589158    0.03166493    0.99999118    0.99999983    0.99999983
 357    0.02622115    0.03206836    0.99999084    0.99999983    0.99999983
 358    0.02655487    0.03247688    0.99999049    0.99999982    0.99999982
 359    0.02689279    0.03289056    0.99999012    0.99999981    0.99999981
 360    0.02723496    0.03330945    0.99998974    0.99999981    0.99999981
 361    0.02758143    0.03373363    0.99998934    0.99999980    0.99999980
 362    0.02793225    0.03416316    0.99998893    0.99999979    0.99999979
 363    0.02828750    0.03459810    0.99998850    0.99999978    0.99999978
 364    0.02864721    0.03503854    0.99998806    0.99999978    0.99999978
 365    0.02901144    0.03548454    0.99998760    0.99999977    0.99999977
 366    0.02938026    0.03593616    0.99998712    0.99999976    0.99999976
 367    0.02975371    0.03639349    0.99998662    0.99999975    0.99999975
 368    0.03013187    0.03685659    0.99998610    0.99999974    0.99999974
 369    0.03051478    0.03732553    0.99998557    0.99999973    0.99999973
 370    0.03090250    0.03780040    0.99998501    0.99999972    0.99999972
 371    0.03129511    0.03828126    0.99998443    0.99999971    0.99999971
 372    0.03169265    0.03876820    0.99998383    0.99999970    0.99999970
 373    0.03209519    0.03926129    0.99998320    0.99999969    0.99999969
 374    0.03250279    0.03976060    0.99998256    0.99999967    0.99999967
 375    0.03291553    0.04026622    0.99998188    0.99999966    0.99999966
 376    0.03333345    0.04077823    0.99998118    0.99999965    0.99999965
 377    0.03375663    0.04129671    0.99998046    0.99999963    0.99999963
 378    0.03418513    0.04182174    0.99997970    0.99999962    0.99999962
 379    0.03461903    0.04235340    0.99997892    0.99999961    0.99999961
 380    0.03505838    0.04289179    0.99997811    0.99999959    0.99999959
 381    0.03550326    0.04343698    0.99997726    0.99999958    0.99999958
 382    0.03595373    0.04398906    0.99997638    0.99999956    0.99999956
 383    0.03640987    0.04454812    0.99997547    0.99999954    0.99999954
 384    0.03687175    0.04511426    0.99997453    0.99999952    0.99999952
 385    0.03733943    0.04568755    0.99997354    0.99999951    0.99999951
 386    0.03781300    0.04626810    0.99997252    0.99999949    0.99999949
 387    0.03829253    0.04685599    0.99997147    0.99999947    0.99999947
 388    0.03877809    0.04745131    0.99997037    0.99999945    0.99999945
 389    0.03926975    0.04805417    0.99996922    0.99999943    0.99999943
 390    0.03976760    0.04866467    0.99996804    0.99999940    0.99999940
 391    0.04027171    0.04928289    0.99996680    0.99999938    0.99999938
 392    0.04078217    0.04990893    0.99996552    0.99999936    0.99999936
 393    0.04129904    0.05054291    0.99996420    0.99999933    0.99999933
 394    0.04182242    0.05118491    0.99996282    0.99999931    0.99999931
 395    0.04235238    0.05183504    0.99996138    0.99999928    0.99999928
 396    0.04288900    0.05249342    0.99995990    0.99999925    0.99999925
 397    0.04343237    0.05316013    0.99995835    0.99999922    0.99999922
 398    0.04398258    0.05383529    0.99995675    0.99999919    0.99999919
 399    0.04453971    0.05451901    0.99995508    0.99999916    0.99999916
 400    0.04510385    0.05521140    0.99995335    0.99999913    0.99999913
 401    0.04567509    0.05591257    0.99995155    0.99999910    0.99999910
 402    0.04625351    0.05662264    0.99994969    0.99999906    0.99999906
 403    0.04683920    0.05734171    0.99994775    0.99999903    0.99999903
 404    0.04743226    0.05806990    0.99994574    0.99999899    0.99999899
 405    0.04803278    0.05880734    0.99994365    0.99999895    0.99999895
 406    0.04864086    0.05955413    0.99994148    0.99999891    0.99999891
 407    0.04925658    0.06031041    0.99993922    0.99999887    0.99999887
 408    0.04988005    0.06107629    0.99993688    0.99999882    0.99999882
 409    0.05051136    0.06185191    0.99993445    0.99999878    0.99999878
 410    0.05115062    0.06263737    0.99993193    0.99999873    0.99999873
 411    0.05179791    0.06343282    0.99992931    0.99999868    0.99999868
 412    0.05245334    0.06423838    0.99992659    0.99999863    0.99999863
 413    0.05311702    0.06505419    0.99992376    0.99999858    0.99999858
 414    0.05378905    0.06588037    0.99992082    0.99999852    0.99999852
 415    0.05446953    0.06671706    0.99991778    0.99999847    0.99999847
 416    0.05515857    0.06756440    0.99991461    0.99999841    0.99999841
 417    0.05585628    0.06842252    0.99991132    0.99999835    0.99999835
 418    0.05656276    0.06929157    0.99990791    0.99999828    0.99999828
 419    0.05727813    0.07017169    0.99990437    0.99999822    0.99999822
 420    0.05800250    0.07106302    0.99990069    0.99999815    0.99999815
 421    0.05873598    0.07196572    0.99989686    0.99999808    0.99999808
 422    0.05947868    0.07287992    0.99989289    0.99999800    0.99999800
 423    0.06023073    0.07380578    0.99988877    0.99999793    0.99999793
 424    0.06099223    0.07474345    0.99988449    0.99999785    0.99999785
 425    0.06176332    0.07569308    0.99988004    0.99999776    0.99999776
 426    0.06254410    0.07665484    0.99987543    0.99999768    0.99999768
 427    0.06333471    0.07762888    0.99987063    0.99999759    0.99999759
 428    0.06413526    0.07861537    0.99986565    0.99999750    0.99999750
 429    0.06494588    0.07961446    0.99986048    0.99999740    0.99999740
 430    0.06576669    0.08062632    0.99985512    0.99999730    0.99999730
 431    0.06659783    0.08165113    0.99984954    0.99999720    0.99999720
 432    0.06743943    0.08268904    0.99984375    0.99999709    0.99999709
 433    0.06829161    0.08374025    0.99983774    0.99999698    0.99999698
 434    0.06915451    0.08480491    0.99983149    0.99999686    0.99999686
 435    0.07002826    0.08588321    0.99982501    0.99999674    0.99999674
 436    0.07091301    0.08697533    0.99981827    0.99999662    0.99999662
 437    0.07180888    0.08808145    0.99981128    0.99999649    0.99999649
 438    0.07271602    0.08920177    0.99980401    0.99999635    0.99999635
 439    0.07363458    0.09033646    0.99979647    0.99999621    0.99999621
 440    0.07456468    0.09148571    0.99978864    0.99999606    0.99999606
 441    0.07550649    0.09264973    0.99978050    0.99999591    0.99999591
 442    0.07646014    0.09382871    0.99977205    0.99999576    0.99999576
 443    0.07742579    0.09502285    0.99976328    0.99999559    0.99999559
 444    0.07840358    0.09623236    0.99975417    0.99999542    0.99999542
 445    0.07939367    0.09745743    0.99974471    0.99999525    0.99999525
 446    0.08039622    0.09869827    0.99973488    0.99999507    0.99999507
 447    0.08141138    0.09995511    0.99972467    0.99999488    0.99999488
 448    0.08243931    0.10122815    0.99971407    0.99999468    0.99999468
 449    0.08348016    0.10251761    0.99970307    0.99999447    0.99999447
 450    0.08453411    0.10382372    0.99969163    0.99999426    0.99999426
 451    0.08560132    0.10514669    0.99967976    0.99999404    0.99999404
 452    0.08668195    0.10648676    0.99966743    0.99999381    0.99999381
 453    0.08777617    0.10784416    0.99965462    0.99999357    0.99999357
 454    0.08888415    0.10921912    0.99964132    0.99999333    0.99999333
 455    0.09000608    0.11061189    0.99962751    0.99999307    0.99999307
 456    0.09114211    0.11202269    0.99961317    0.99999281    0.99999281
 457    0.09229243    0.11345179    0.99959827    0.99999253    0.99999253
 458    0.09345723    0.11489942    0.99958279    0.99999224    0.99999224
 459    0.09463667    0.11636585    0.99956672    0.99999194    0.99999194
 460    0.09583095    0.11785133    0.99955003    0.99999163    0.99999163
 461    0.09704025    0.11935612    0.99953270    0.99999131    0.99999131
 462    0.09826477    0.12088048    0.99951469    0.99999098    0.99999098
 463    0.09950468    0.12242470    0.99949599    0.99999063    0.99999063
 464    0.10076020    0.12398903    0.99947657    0.99999027    0.99999027
 465    0.10203150    0.12557375    0.99945640    0.99998990    0.99998990
 466    0.10331880    0.12717916    0.99943544    0.99998951    0.99998951
 467    0.10462228    0.12880553    0.99941368    0.99998911    0.99998911
 468    0.10594217    0.13045316    0.99939108    0.99998869    0.99998869
 469    0.10727865    0.13212234    0.99936760    0.99998826    0.99998826
 470    0.10863195    0.13381337    0.99934322    0.99998781    0.99998781
 471    0.11000227    0.13552656    0.99931789    0.99998734    0.99998734
 472    0.11138982    0.13726222    0.99929159    0.99998686    0.99998686
 473    0.11279483    0.13902065    0.99926426    0.99998635    0.99998635
 474    0.11421751    0.14080219    0.99923588    0.99998583    0.99998583
 475    0.11565809    0.14260715    0.99920640    0.99998529    0.99998529
 476    0.11711679    0.14443587    0.99917578    0.99998473    0.99998473
 477    0.11859383    0.14628867    0.99914397    0.99998414    0.99998414
 478    0.12008946    0.14816591    0.99911093    0.99998354    0.99998354
 479    0.12160389    0.15006792    0.99907661    0.99998291    0.99998291
 480    0.12313738    0.15199505    0.99904096    0.99998225    0.99998225
 481    0.12469016    0.15394767    0.99900393    0.99998158    0.99998158
 482    0.12626246    0.15592613    0.99896547    0.99998087    0.99998087
 483    0.12785455    0.15793081    0.99892551    0.99998014    0.99998014
 484    0.12946666    0.15996208    0.99888400    0.99997938    0.99997938
 485    0.13109904    0.16202031    0.99884088    0.99997860    0.99997860
 486    0.13275196    0.16410590    0.99879609    0.99997778    0.99997778
 487    0.13442567    0.16621924    0.99874955    0.99997694    0.99997694
 488    0.13612044    0.16836072    0.99870121    0.99997606    0.99997606
 489    0.13783652    0.17053076    0.99865100    0.99997515    0.99997515
 490    0.13957419    0.17272976    0.99859883    0.99997421    0.99997421
 491    0.14133371    0.17495814    0.99854463    0.99997323    0.99997323
 492    0.14311537    0.17721632    0.99848833    0.99997221    0.99997221
 493    0.14491944    0.17950474    0.99842983    0.99997116    0.99997116
 494    0.14674620    0.18182384    0.99836906    0.99997007    0.99997007
 495    0.14859593    0.18417407    0.99830593    0.99996894    0.99996894
 496    0.15046894    0.18655587    0.99824033    0.99996777    0.99996777
 497    0.15236550    0.18896970    0.99817218    0.99996655    0.99996655
 498    0.15428592    0.19141604    0.99810138    0.99996529    0.99996529
 499    0.15623050    0.19389536    0.99802781    0.99996399    0.99996399
 500    0.15819953    0.19640813    0.99795138    0.99996264    0.99996264
 501    0.16019333    0.19895486    0.99787196    0.99996124    0.99996124
 502    0.16221221    0.20153603    0.99778945    0.99995979    0.99995979
 503    0.16425649    0.20415216    0.99770371    0.99995829    0.99995829
 504    0.16632648    0.20680376    0.99761463    0.99995673    0.99995673
 505    0.16842251    0.20949134    0.99752207    0.99995512    0.99995512
 506    0.17054490    0.21221543    0.99742588    0.99995346    0.99995346
 507    0.17269399    0.21497658    0.99732594    0.99995173    0.99995173
 508    0.17487011    0.21777533    0.99722209    0.99994995    0.99994995
 509    0.17707360    0.22061223    0.99711418    0.99994810    0.99994810
 510    0.17930481    0.22348784    0.99700204    0.99994620    0.99994620
 511    0.18156408    0.22640274    0.99688551    0.99994423    0.99994423
 512    0.18385178    0.22935749    0.99676441    0.99994219    0.99994219
 513    0.18616824    0.23235270    0.99663856    0.99994009    0.99994009
 514    0.18851385    0.23538894    0.99650778    0.99993791    0.99993791
 515    0.19088896    0.23846682    0.99637187    0.99993567    0.99993567
 516    0.19329394    0.24158696    0.99623063    0.99993335    0.99993335
 517    0.19572918    0.24474998    0.99608384    0.99993096    0.99993096
 518    0.19819505    0.24795649    0.99593128    0.99992850    0.99992850
 519    0.20069193    0.25120714    0.99577273    0.99992596    0.99992596
 520    0.20322022    0.25450258    0.99560794    0.99992334    0.99992334
 521    0.20578031    0.25784344    0.99543667    0.99992065    0.99992065
 522    0.20837261    0.26123039    0.99525866    0.99991788    0.99991788
 523    0.21099751    0.26466411    0.99507365    0.99991502    0.99991502
 524    0.21365543    0.26814525    0.99488134    0.99991209    0.99991209
 525    0.21634678    0.27167451    0.99468145    0.99990908    0.99990908
 526    0.21907199    0.27525257    0.99447369    0.99990599    0.99990599
 527    0.22183147    0.27888013    0.99425773    0.99990281    0.99990281
 528    0.22462567    0.28255789    0.99403325    0.99989956    0.99989956
 529    0.22745501    0.28628656    0.99379990    0.99989623    0.99989623
 530    0.23031994    0.29006686    0.99355734    0.99989283    0.99989283
 531    0.23322090    0.29389950    0.99330519    0.99988934    0.99988934
 532    0.23615836    0.29778521    0.99304308    0.99988579    0.99988579
 533    0.23913276    0.30172472    0.99277060    0.99988216    0.99988216
 534    0.24214458    0.30571877    0.99248734    0.99987847    0.99987847
 535    0.24519428    0.30976808    0.99219287    0.99987472    0.99987472
 536    0.24828234    0.31387342    0.99188674    0.99987091    0.99987091
 537    0.25140924    0.31803550    0.99156848    0.99986704    0.99986704
 538    0.25457548    0.32225509    0.99123762    0.99986313    0.99986313
 539    0.25778154    0.32653292    0.99089363    0.99985919    0.99985919
 540    0.26102793    0.33086975    0.99053601    0.99985521    0.99985521
 541    0.26431516    0.33526631    0.99016420    0.99985121    0.99985121
 542    0.26764373    0.33972334    0.98977764    0.99984721    0.99984721
 543    0.27101417    0.34424160    0.98937573    0.99984321    0.99984321
 544    0.27442701    0.34882180    0.98895787    0.99983923    0.99983923
 545    0.27788277    0.35346469    0.98852341    0.99983528    0.99983528
 546    0.28138200    0.35817098    0.98807169    0.99983139    0.99983139
 547    0.28492525    0.36294139    0.98760203    0.99982757    0.99982757
 548    0.28851307    0.36777663    0.98711370    0.99982384    0.99982384
 549    0.29214601    0.37267738    0.98660597    0.99982023    0.99982023
 550    0.29582465    0.37764432    0.98607805    0.99981677    0.99981677
 551    0.29954957    0.38267813    0.98552915    0.99981349    0.99981349
 552    0.30332133    0.38777944    0.98495843    0.99981041    0.99981041
 553    0.30714054    0.39294889    0.98436502    0.99980758    0.99980758
 554    0.31100779    0.39818709    0.98374801    0.99980504    0.99980504
 555    0.31492369    0.40349461    0.98310648    0.99980282    0.99980282
 556    0.31888884    0.40887201    0.98243945    0.99980099    0.99980099
 557    0.32290386    0.41431982    0.98174591    0.99979959    0.99979959
 558    0.32696939    0.41983854    0.98102481    0.99979868    0.99979868
 559    0.33108606    0.42542863    0.98027507    0.99979833    0.99979833
 560    0.33525450    0.43109051    0.97949556    0.99979860    0.99979860
 561    0.33947538    0.43682455    0.97868511    0.99979957    0.99979957
 562    0.34374936    0.44263111    0.97784250    0.99980132    0.99980132
 563    0.34807709    0.44851046    0.97696647    0.99980394    0.99980394
 564    0.35245926    0.45446284    0.97605572    0.99980754    0.99980754
 565    0.35689655    0.46048842    0.97510891    0.99981220    0.99981220
 566    0.36138965    0.46658734    0.97412461    0.99981806    0.99981806
 567    0.36593927    0.47275963    0.97310140    0.99982522    0.99982522
 568    0.37054612    0.47900528    0.97203776    0.99983384    0.99983384
 569    0.37521091    0.48532420    0.97093213    0.99984404    0.99984404
 570    0.37993438    0.49171622    0.96978291    0.99985598    0.99985598
 571    0.38471726    0.49818108    0.96858844    0.99986984    0.99986984
 572    0.38956031    0.50471844    0.96734699    0.99988579    0.99988579
 573    0.39446427    0.51132784    0.96605679    0.99990403    0.99990403
 574    0.39942992    0.51800875    0.96471600    0.99992475    0.99992475
 575    0.40445802    0.52476052    0.96332272    0.99994819    0.99994819
 576    0.40954938    0.53158236    0.96187500    0.99997458    0.99997458
 577    0.41470477    0.53847341    0.96037081    1.00000417    1.00000417
 578    0.41992501    0.54543264    0.95880808    1.00003723    1.00003723
 579    0.42521092    0.55245890    0.95718466    1.00007405    1.00007405
 580    0.43056331    0.55955092    0.95549834    1.00011493    1.00011493
 581    0.43598303    0.56670724    0.95374686    1.00016021    1.00016021
 582    0.44147091    0.57392629    0.95192788    1.00021021    1.00021021
 583    0.44702783    0.58120631    0.95003899    1.00026530    1.00026530
 584    0.45265465    0.58854537    0.94807773    1.00032587    1.00032587
 585    0.45835224    0.59594139    0.94604158    1.00039231    1.00039231
 586    0.46412150    0.60339207    0.94392795    1.00046504    1.00046504
 587    0.46996333    0.61089495    0.94173416    1.00054452    1.00054452
 588    0.47587863    0.61844737    0.93945752    1.00063120    1.00063120
 589    0.48186835    0.62604643    0.93709525    1.00072555    1.00072555
 590    0.48793340    0.63368906    0.93464450    1.00082810    1.00082810
 591    0.49407475    0.64137194    0.93210239    1.00093934    1.00093934
 592    0.50029334    0.64909154    0.92946596    1.00105982    1.00105982
 593    0.50659015    0.65684409    0.92673222    1.00119009    1.00119009
 594    0.51296617    0.66462557    0.92389812    1.00133072    1.00133072
 595    0.51942239    0.67243174    0.92096057    1.00148227    1.00148227
 596    0.52595981    0.68025808    0.91791642    1.00164534    1.00164534
 597    0.53257947    0.68809983    0.91476251    1.00182053    1.00182053
 598    0.53928239    0.69595195    0.91149562    1.00200841    1.00200841
 599    0.54606963    0.70380915    0.90811252    1.00220960    1.00220960
 600    0.55294224    0.71166584    0.90460997    1.00242468    1.00242468
 601    0.55990129    0.71951619    0.90098467    1.00265422    1.00265422
 602    0.56694788    0.72735406    0.89723337    1.00289879    1.00289879
 603    0.57408310    0.73517304    0.89335278    1.00315893    1.00315893
 604    0.58130808    0.74296643    0.88933962    1.00343514    1.00343514
 605    0.58862393    0.75072726    0.88519064    1.00372790    1.00372790
 606    0.59603180    0.75844825    0.88090262    1.00403761    1.00403761
 607    0.60353286    0.76612185    0.87647236    1.00436466    1.00436466
 608    0.61112826    0.77374022    0.87189671    1.00470932    1.00470932
 609    0.61881921    0.78129525    0.86717258    1.00507181    1.00507181
 610    0.62660689    0.78877852    0.86229696    1.00545226    1.00545226
 611    0.63449254    0.79618138    0.85726691    1.00585066    1.00585066
 612    0.64247737    0.80349487    0.85207958    1.00626692    1.00626692
 613    0.65056263    0.81070980    0.84673225    1.00670078    1.00670078
 614    0.65874960    0.81781671    0.84122232    1.00715182    1.00715182
 615    0.66703955    0.82480590    0.83554730    1.00761946    1.00761946
 616    0.67543377    0.83166743    0.82970490    1.00810291    1.00810291
 617    0.68393358    0.83839116    0.82369297    1.00860116    1.00860116
 618    0.69254030    0.84496670    0.81750956    1.00911297    1.00911297
 619    0.70125528    0.85138352    0.81115290    1.00963683    1.00963683
 620    0.71007989    0.85763088    0.80462148    1.01017091    1.01017091
 621    0.71901549    0.86369790    0.79791401    1.01071310    1.01071310
 622    0.72806349    0.86957354    0.79102944    1.01126091    1.01126091
 623    0.73722530    0.87524667    0.78396702    1.01181147    1.01181147
 624    0.74650235    0.88070608    0.77672627    1.01236143    1.01236143
 625    0.75589609    0.88594048    0.76930704    1.01290716    1.01290716
 626    0.76540799    0.89093853    0.76170947    1.01344450    1.01344450
 627    0.77503953    0.89568891    0.75393409    1.01396866    1.01396866
 628    0.78479223    0.90018032    0.74598175    1.01447434    1.01447434
 629    0.79466760    0.90440154    0.73785368    1.01495565    1.01495565
 630    0.80466718    0.90834144    0.72955150    1.01540604    1.01540604
 631    0.81479255    0.91198906    0.72107725    1.01581829    1.01581829
 632    0.82504527    0.91533360    0.71243335    1.01618443    1.01618443
 633    0.83542696    0.91836453    0.70362266    1.01649573    1.01649573
 634    0.84593924    0.92107162    0.69464848    1.01674263    1.01674263
 635    0.85658374    0.92344495    0.68551452    1.01691469    1.01691469
 636    0.86736213    0.92547505    0.67622497    1.01700059    1.01700059
 637    0.87827610    0.92715289    0.66678442    1.01698804    1.01698804
 638    0.88932735    0.92846997    0.65719795    1.01686378    1.01686378
 639    0.90051761    0.92941842    0.64747106    1.01661355    1.01661355
 640    0.91184863    0.92999101    0.63760968    1.01622206    1.01622206
 641    0.92332217    0.93018126    0.62762017    1.01567299    1.01567299
 642    0.93494003    0.92998350    0.61750931    1.01494903    1.01494903
 643    0.94670402    0.92939295    0.60728426    1.01403185    1.01403185
 644    0.95861599    0.92840578    0.59695259    1.01290220    1.01290220
 645    0.97067779    0.92701920    0.58652219    1.01153999    1.01153999
 646    0.98289132    0.92523151    0.57600128    1.00992435    1.00992435
 647    0.99525846    0.92304217    0.56539839    1.00803382    1.00803382
 648    1.00778117    0.92045184    0.55472231    1.00584652    1.00584652
 649    1.02046140    0.91746244    0.54398204    1.00334036    1.00334036
 650    1.03330112    0.91407718    0.53318679    1.00049329    1.00049329
 651    1.04630234    0.91030059    0.52234589    0.99728367    0.99728367
 652    1.05946710    0.90613849    0.51146877    0.99369056    0.99369056
 653    1.07279746    0.90159800    0.50056494    0.98969416    0.98969416
 654    1.08629548    0.89668749    0.48964390    0.98527622    0.98527622
 655    1.09996330    0.89141653    0.47871512    0.98042057    0.98042057
 656    1.11380303    0.88579576    0.46778798    0.97511355    0.97511355
 657    1.12781684    0.87983683    0.45687176    0.96934456    0.96934456
 658    1.14200693    0.87355220    0.44597558    0.96310658    0.96310658
 659    1.15637551    0.86695497    0.43510836    0.95639662    0.95639662
 660    1.17092482    0.86005869    0.42427882    0.94921622    0.94921622
 661    1.18565714    0.85287711    0.41349543    0.94157182    0.94157182
 662    1.20057476    0.84542389    0.40276640    0.93347507    0.93347507
 663    1.21568003    0.83771235    0.39209971    0.92494303    0.92494303
 664    1.23097530    0.82975513    0.38150306    0.91599828    0.91599828
 665    1.24646296    0.82156388    0.37098392    0.90666879    0.90666879
 666    1.26214543    0.81314894    0.36054955    0.89698687    0.89698687
 667    1.27802517    0.80451912    0.35020701    0.88698021    0.88698021
 668    1.29410464    0.79568239    0.33996317    0.87666304    0.87666304
 669    1.31038637    0.78664684    0.32982471    0.86604240    0.86604240
 670    1.32687290    0.77742062    0.31979813    0.85512562    0.85512562
 671    1.34356680    0.76801199    0.30988969    0.84392061    0.84392061
 672    1.36047069    0.75842932    0.30010542    0.83243590    0.83243590
 673    1.37758720    0.74868101    0.29045113    0.82068063    0.82068063
 674    1.39491901    0.73877557    0.28093237    0.80866454    0.80866454
 675    1.41246883    0.72872154    0.27155443    0.79639794    0.79639794
 676    1.43023940    0.71852751    0.26232235    0.78389167    0.78389167
 677    1.44823350    0.70820211    0.25324088    0.77115706    0.77115706
 678    1.46645393    0.69775398    0.24431451    0.75820596    0.75820596
 679    1.48490355    0.68719181    0.23554744    0.74505067    0.74505067
 680    1.50358523    0.67652425    0.22694356    0.73170393    0.73170393
 681    1.52250190    0.66575997    0.21850649    0.71817886    0.71817886
 682    1.54165651    0.65490763    0.21023954    0.70448895    0.70448895
 683    1.56105206    0.64397586    0.20214574    0.69064804    0.69064804
 684    1.58069158    0.63297325    0.19422778    0.67667023    0.67667023
 685    1.60057813    0.62190836    0.18648809    0.66256992    0.66256992
 686    1.62071482    0.61078968    0.17892877    0.64836171    0.64836171
 687    1.64110480    0.59962566    0.17155161    0.63406039    0.63406039
 688    1.66175126    0.58842467    0.16435814    0.61968090    0.61968090
 689    1.68265741    0.57719502    0.15734955    0.60523829    0.60523829
 690    1.70382653    0.56594490    0.15052675    0.59074769    0.59074769
 691    1.72526193    0.55468244    0.14389036    0.57622426    0.57622426
 692    1.74696695    0.54341565    0.13744071    0.56168318    0.56168318
 693    1.76894499    0.53215243    0.13117785    0.54713956    0.54713956
 694    1.79119947    0.52090059    0.12510156    0.53260844    0.53260844
 695    1.81373389    0.50966778    0.11921133    0.51810478    0.51810478
 696    1.83655175    0.49846153    0.11350641    0.50364336    0.50364336
 697    1.85965662    0.48728926    0.10798578    0.48923879    0.48923879
 698    1.88305212    0.47615820    0.10264817    0.47490545    0.47490545
 699    1.90674190    0.46507545    0.09749210    0.46065749    0.46065749
 700    1.93072965    0.45404797    0.09251582    0.44650876    0.44650876
 701    1.95501914    0.44308252    0.08771739    0.43247280    0.43247280
 702    1.97961415    0.43218572    0.08309465    0.41856282    0.41856282
 703    2.00451853    0.42136400    0.07864524    0.40479164    0.40479164
 704    2.02973617    0.41062361    0.07436662    0.39117168    0.39117168
 705    2.05527100    0.39997062    0.07025606    0.37771494    0.37771494
 706    2.08112703    0.38941088    0.06631068    0.36443297    0.36443297
 707    2.10730828    0.37895009    0.06252742    0.35133685    0.35133685
 708    2.13381885    0.36859370    0.05890310    0.33843715    0.33843715
 709    2.16066289    0.35834698    0.05543440    0.32574394    0.32574394
 710    2.18784458    0.34821498    0.05211788    0.31326675    0.31326675
 711    2.21536817    0.33820254    0.04894999    0.30101456    0.30101456
 712    2.24323797    0.32831426    0.04592708    0.28899577    0.28899577
 713    2.27145833    0.31855452    0.04304543    0.27721823    0.27721823
 714    2.30003365    0.30892750    0.04030123    0.26568918    0.26568918
 715    2.32896841    0.29943710    0.03769061    0.25441527    0.25441527
 716    2.35826713    0.29008703    0.03520967    0.24340252    0.24340252
 717    2.38793437    0.28088072    0.03285445    0.23265635    0.23265635
 718    2.41797479    0.27182138    0.03062095    0.22218157    0.22218157
 719    2.44839306    0.26291198    0.02850519    0.21198235    0.21198235
 720    2.47919395    0.25415524    0.02650315    0.20206225    0.20206225
 721    2.51038227    0.24555360    0.02461082    0.19242420    0.19242420
 722    2.54196289    0.23710931    0.02282421    0.18307050    0.18307050
 723    2.57394074    0.22882431    0.02113935    0.17400287    0.17400287
 724    2.60632083    0.22070034    0.01955228    0.16522240    0.16522240
 725    2.63910821    0.21273884    0.01805910    0.15672959    0.15672959
 726    2.67230800    0.20494103    0.01665595    0.14852435    0.14852435
 727    2.70592539    0.19730789    0.01533901    0.14060602    0.14060602
 728    2.73996564    0.18984011    0.01410455    0.13297339    0.13297339
 729    2.77443407    0.18253817    0.01294886    0.12562472    0.12562472
 730    2.80933605    0.17540229    0.01186834    0.11855772    0.11855772
 731    2.84467704    0.16843245    0.01085945    0.11176963    0.11176963
 732    2.88046257    0.16162838    0.00991875    0.10525722    0.10525722
 733    2.91669823    0.15498958    0.00904285    0.09901677    0.09901677
 734    2.95338967    0.14851532    0.00822849    0.09304418    0.09304418
 735    2.99054264    0.14220464    0.00747247    0.08733493    0.08733493
 736    3.02816293    0.13605634    0.00677171    0.08188413    0.08188413
 737    3.06625643    0.13006900    0.00612321    0.07668654    0.07668654
 738    3.10482909    0.12424100    0.00552408    0.07173662    0.07173662
 739    3.14388693    0.11857048    0.00497152    0.06702856    0.06702856
 740    3.18343605    0.11305538    0.00446286    0.06255627    0.06255627
 741    3.22348265    0.10769344    0.00399550    0.05831345    0.05831345
 742    3.26403296    0.10248217    0.00356695    0.05429361    0.05429361
 743    3.30509334    0.09741891    0.00317482    0.05049010    0.05049010
 744    3.34667019    0.09250077    0.00281685    0.04689611    0.04689611
 745    3.38877002    0.08772469    0.00249083    0.04350462    0.04350462
 746    3.43139940    0.08308744    0.00219470    0.04030821    0.04030821
 747    3.47456499    0.07858568    0.00192645    0.03729891    0.03729891
 748    3.51827353    0.07421609    0.00168419    0.03446795    0.03446795
 749    3.56253186    0.06997549    0.00146612    0.03180587    0.03180587
 750    3.60734689    0.06586103    0.00127051    0.02930265    0.02930265
 751    3.65272563    0.06187033    0.00109572    0.02694807    0.02694807
 752    3.69867516    0.05800163    0.00094017    0.02473215    0.02473215
 753    3.74520266    0.05425383    0.00080236    0.02264549    0.02264549
 754    3.79231541    0.05062656    0.00068085    0.02067956    0.02067956
 755    3.84002076    0.04712016    0.00057426    0.01882694    0.01882694
 756    3.88832617    0.04373561    0.00048129    0.01708141    0.01708141
 757    3.93723919    0.04047446    0.00040066    0.01543796    0.01543796
 758    3.98676746    0.03733869    0.00033117    0.01389271    0.01389271
 759    4.03691872    0.03433059    0.00027169    0.01244278    0.01244278
 760    4.08770081    0.03145263    0.00022114    0.01108608    0.01108608
 761    4.13912165    0.02870729    0.00017850    0.00982113    0.00982113
 762    4.19118929    0.02609691    0.00014282    0.00864683    0.00864683
 763    4.24391186    0.02362356    0.00011321    0.00756221    0.00756221
 764    4.29729760    0.02128894    0.00008886    0.00656624    0.00656624
 765    4.35135484    0.01909420    0.00006903    0.00565762    0.00565762
 766    4.40609205    0.01703993    0.00005304    0.00483469    0.00483469
 767    4.46151776    0.01512601    0.00004028    0.00409524    0.00409524
 768    4.51764064    0.01335158    0.00003021    0.00343648    0.00343648
 769    4.57446946    0.01171501    0.00002236    0.00285500    0.00285500
 770    4.63201310    0.01021388    0.00001632    0.00234680    0.00234680
 771    4.69028055    0.00884501    0.00001174    0.00190732    0.00190732
 772    4.74928091    0.00760441    0.00000830    0.00153153    0.00153153
 773    4.80902341    0.00648740    0.00000577    0.00121403    0.00121403
 774    4.86951738    0.00548865    0.00000394    0.00094917    0.00094917
 775    4.93077226    0.00460222    0.00000263    0.00073122    0.00073122
 776    4.99279764    0.00382166    0.00000172    0.00055445    0.00055445
 777    5.05560320    0.00314012    0.00000110    0.00041327    0.00041327
 778    5.11919876    0.00255043    0.00000068    0.00030238    0.00030238
 779    5.18359425    0.00204520    0.00000041    0.00021683    0.00021683
 780    5.24879974    0.00161693    0.00000024    0.00015208    0.00015208
 781    5.31482541    0.00125813    0.00000013    0.00010409    0.00010409
 782    5.38168158    0.00096137    0.00000007    0.00006935    0.00006935
 783    5.44937870    0.00071942    0.00000004    0.00004481    0.00004481
 784    5.51792734    0.00052531    0.00000002    0.00002798    0.00002798
 785    5.58733822    0.00037241    0.00000001    0.00001679    0.00001679
 786    5.65762218    0.00025448    0.00000000    0.00000962    0.00000962
 787    5.72879020    0.00016572    0.00000000    0.00000522    0.00000522
 788    5.80085341    0.00010078    0.00000000    0.00000266    0.00000266
 789    5.87382306    0.00005475    0.00000000    0.00000127    0.00000127
 790    5.94771056    0.00002293   -0.00000000    0.00000060    0.00000060
 791    6.02252744    0.00000000   -0.00000000    0.00000060    0.00000060
