               -274.2671659693
          0.001860491      -0.000000000       0.000000000
         -0.000000000       0.001860491       0.000000000
          0.000000000       0.000000000       0.001860491
           5
  1    56       0.000000000      -0.000000000      -0.000000000  Ba
  2    22       0.000000000      -0.000000000      -0.000000000  Ti
  3     8       0.000000000       0.000000000       0.000000000  O
  3     8       0.000000000       0.000000000       0.000000000  O
  3     8      -0.000000000      -0.000000000       0.000000000  O
