     1  1  0.00925926      23
     2  1  0.00925926      23
     3  1  0.00925926      23
     4  1  0.00925926      23
     5  1  0.00925926      23
     6  1  0.00925926      23
     7  1  0.00925926      23
     8  1  0.00925926      23
     9  1  0.00925926      23
    10  1  0.00925926      23
    11  1  0.00925926      23
    12  1  0.00925926      23
    13  1  0.00925926      23
    14  1  0.00925926      23
    15  1  0.00925926      23
    16  1  0.00925926      23
    17  1  0.00925926      23
    18  1  0.00925926      23
    19  1  0.00925926      23
    20  1  0.00925926      23
    21  1  0.00925926      23
    22  1  0.00925926      23
    23  1  0.00925926      23
    24  1  0.00925926      23
    25  1  0.00925926      23
    26  1  0.00925926      23
    27  1  0.00925926      23
    28  1  0.00925926      23
    29  1  0.00925926      22
    30  1  0.00925926      22
    31  1  0.00925926      23
    32  1  0.00925926      23
    33  1  0.00925926      23
    34  1  0.00925926      23
    35  1  0.00925926      22
    36  1  0.00925926      22
    37  1  0.00925926      23
    38  1  0.00925926      23
    39  1  0.00925926      23
    40  1  0.00925926      23
    41  1  0.00925926      23
    42  1  0.00925926      23
    43  1  0.00925926      23
    44  1  0.00925926      23
    45  1  0.00925926      23
    46  1  0.00925926      23
    47  1  0.00925926      23
    48  1  0.00925926      23
    49  1  0.00925926      23
    50  1  0.00925926      23
    51  1  0.00925926      23
    52  1  0.00925926      23
    53  1  0.00925926      23
    54  1  0.00925926      23
    55  1  0.00925926      23
    56  1  0.00925926      23
    57  1  0.00925926      23
    58  1  0.00925926      23
    59  1  0.00925926      23
    60  1  0.00925926      23
    61  1  0.00925926      23
    62  1  0.00925926      23
    63  1  0.00925926      23
    64  1  0.00925926      23
    65  1  0.00925926      21
    66  1  0.00925926      21
    67  1  0.00925926      23
    68  1  0.00925926      23
    69  1  0.00925926      23
    70  1  0.00925926      23
    71  1  0.00925926      21
    72  1  0.00925926      21
    73  1  0.00925926      23
    74  1  0.00925926      23
    75  1  0.00925926      23
    76  1  0.00925926      23
    77  1  0.00925926      21
    78  1  0.00925926      21
    79  1  0.00925926      23
    80  1  0.00925926      23
    81  1  0.00925926      23
    82  1  0.00925926      23
    83  1  0.00925926      22
    84  1  0.00925926      22
    85  1  0.00925926      23
    86  1  0.00925926      23
    87  1  0.00925926      23
    88  1  0.00925926      23
    89  1  0.00925926      22
    90  1  0.00925926      22
    91  1  0.00925926      23
    92  1  0.00925926      23
    93  1  0.00925926      23
    94  1  0.00925926      23
    95  1  0.00925926      21
    96  1  0.00925926      21
    97  1  0.00925926      21
    98  1  0.00925926      22
    99  1  0.00925926      22
   100  1  0.00925926      21
   101  1  0.00925926      20
   102  1  0.00925926      20
   103  1  0.00925926      21
   104  1  0.00925926      22
   105  1  0.00925926      22
   106  1  0.00925926      21
   107  1  0.00925926      20
   108  1  0.00925926      20
