               -295.5407812711
          0.000000195       0.000000000      -0.000000000
          0.000000000       0.000000195       0.000000000
         -0.000000000      -0.000000000       0.000000194
           5
  1    20       0.000000000       0.000000000      -0.000000001  Ca
  2    22      -0.000000003       0.000000004       0.000000008  Ti
  3     8       0.000000002       0.000000000       0.000000007  O
  3     8      -0.000000000       0.000000002       0.000000008  O
  3     8      -0.000000000      -0.000000003      -0.000000019  O
