               -295.5407812380
         -0.000000117       0.000000000       0.000000000
          0.000000000      -0.000000117       0.000000000
          0.000000000      -0.000000000      -0.000000117
           5
  1    20      -0.000000000      -0.000000000      -0.000000000  Ca
  2    22      -0.000000000      -0.000000000      -0.000000001  Ti
  3     8       0.000000000       0.000000000       0.000000000  O
  3     8       0.000000000       0.000000000       0.000000000  O
  3     8       0.000000000       0.000000000       0.000000001  O
