               -295.5407812401
          0.000000134       0.000000000       0.000000000
          0.000000000       0.000000134      -0.000000000
          0.000000000      -0.000000000       0.000000134
           5
  1    20       0.000000000      -0.000000000      -0.000000000  Ca
  2    22       0.000000000       0.000000000       0.000000000  Ti
  3     8       0.000000000      -0.000000000      -0.000000000  O
  3     8      -0.000000000      -0.000000000      -0.000000000  O
  3     8      -0.000000000      -0.000000000       0.000000000  O
