   1    0.00000000    0.00000000    1.00000000    1.00000000    1.00000000
   2    0.00000390    0.00000476    1.00000000    1.00000000    1.00000000
   3    0.00000784    0.00000958    1.00000000    1.00000000    1.00000000
   4    0.00001184    0.00001446    1.00000000    1.00000000    1.00000000
   5    0.00001589    0.00001940    1.00000000    1.00000000    1.00000000
   6    0.00001998    0.00002441    1.00000000    1.00000000    1.00000000
   7    0.00002413    0.00002948    1.00000000    1.00000000    1.00000000
   8    0.00002833    0.00003461    1.00000000    1.00000000    1.00000000
   9    0.00003259    0.00003980    1.00000000    1.00000000    1.00000000
  10    0.00003689    0.00004507    1.00000000    1.00000000    1.00000000
  11    0.00004126    0.00005039    1.00000000    1.00000000    1.00000000
  12    0.00004567    0.00005579    1.00000000    1.00000000    1.00000000
  13    0.00005014    0.00006125    1.00000000    1.00000000    1.00000000
  14    0.00005467    0.00006678    1.00000000    1.00000000    1.00000000
  15    0.00005926    0.00007238    1.00000000    1.00000000    1.00000000
  16    0.00006390    0.00007805    1.00000000    1.00000000    1.00000000
  17    0.00006860    0.00008380    1.00000000    1.00000000    1.00000000
  18    0.00007336    0.00008961    1.00000000    1.00000000    1.00000000
  19    0.00007818    0.00009550    1.00000000    1.00000000    1.00000000
  20    0.00008306    0.00010146    1.00000000    1.00000000    1.00000000
  21    0.00008800    0.00010750    1.00000000    1.00000000    1.00000000
  22    0.00009301    0.00011361    1.00000000    1.00000000    1.00000000
  23    0.00009808    0.00011980    1.00000000    1.00000000    1.00000000
  24    0.00010321    0.00012607    1.00000000    1.00000000    1.00000000
  25    0.00010840    0.00013241    1.00000000    1.00000000    1.00000000
  26    0.00011366    0.00013884    1.00000000    1.00000000    1.00000000
  27    0.00011899    0.00014535    1.00000000    1.00000000    1.00000000
  28    0.00012438    0.00015194    1.00000000    1.00000000    1.00000000
  29    0.00012985    0.00015861    1.00000000    1.00000000    1.00000000
  30    0.00013538    0.00016536    1.00000000    1.00000000    1.00000000
  31    0.00014098    0.00017220    1.00000000    1.00000000    1.00000000
  32    0.00014665    0.00017913    1.00000000    1.00000000    1.00000000
  33    0.00015239    0.00018614    1.00000000    1.00000000    1.00000000
  34    0.00015820    0.00019325    1.00000000    1.00000000    1.00000000
  35    0.00016409    0.00020044    1.00000000    1.00000000    1.00000000
  36    0.00017005    0.00020772    1.00000000    1.00000000    1.00000000
  37    0.00017609    0.00021509    1.00000000    1.00000000    1.00000000
  38    0.00018220    0.00022256    1.00000000    1.00000000    1.00000000
  39    0.00018839    0.00023012    1.00000000    1.00000000    1.00000000
  40    0.00019466    0.00023777    1.00000000    1.00000000    1.00000000
  41    0.00020100    0.00024553    1.00000000    1.00000000    1.00000000
  42    0.00020743    0.00025338    1.00000000    1.00000000    1.00000000
  43    0.00021393    0.00026132    1.00000000    1.00000000    1.00000000
  44    0.00022052    0.00026937    1.00000000    1.00000000    1.00000000
  45    0.00022719    0.00027752    1.00000000    1.00000000    1.00000000
  46    0.00023395    0.00028577    1.00000000    1.00000000    1.00000000
  47    0.00024079    0.00029413    1.00000000    1.00000000    1.00000000
  48    0.00024772    0.00030259    1.00000000    1.00000000    1.00000000
  49    0.00025473    0.00031115    1.00000000    1.00000000    1.00000000
  50    0.00026183    0.00031983    1.00000000    1.00000000    1.00000000
  51    0.00026902    0.00032861    1.00000000    1.00000000    1.00000000
  52    0.00027630    0.00033751    1.00000000    1.00000000    1.00000000
  53    0.00028367    0.00034651    1.00000000    1.00000000    1.00000000
  54    0.00029114    0.00035563    1.00000000    1.00000000    1.00000000
  55    0.00029870    0.00036486    1.00000000    1.00000000    1.00000000
  56    0.00030635    0.00037422    1.00000000    1.00000000    1.00000000
  57    0.00031411    0.00038368    1.00000000    1.00000000    1.00000000
  58    0.00032195    0.00039327    1.00000000    1.00000000    1.00000000
  59    0.00032990    0.00040298    1.00000000    1.00000000    1.00000000
  60    0.00033795    0.00041281    1.00000000    1.00000000    1.00000000
  61    0.00034610    0.00042276    1.00000000    1.00000000    1.00000000
  62    0.00035435    0.00043284    1.00000000    1.00000000    1.00000000
  63    0.00036270    0.00044304    1.00000000    1.00000000    1.00000000
  64    0.00037116    0.00045338    1.00000000    1.00000000    1.00000000
  65    0.00037973    0.00046384    1.00000000    1.00000000    1.00000000
  66    0.00038840    0.00047443    1.00000000    1.00000000    1.00000000
  67    0.00039718    0.00048516    1.00000000    1.00000000    1.00000000
  68    0.00040608    0.00049603    1.00000000    1.00000000    1.00000000
  69    0.00041508    0.00050703    1.00000000    1.00000000    1.00000000
  70    0.00042420    0.00051816    1.00000000    1.00000000    1.00000000
  71    0.00043343    0.00052944    1.00000000    1.00000000    1.00000000
  72    0.00044278    0.00054086    1.00000000    1.00000000    1.00000000
  73    0.00045225    0.00055243    1.00000000    1.00000000    1.00000000
  74    0.00046184    0.00056414    1.00000000    1.00000000    1.00000000
  75    0.00047154    0.00057599    1.00000000    1.00000000    1.00000000
  76    0.00048137    0.00058800    1.00000000    1.00000000    1.00000000
  77    0.00049132    0.00060016    1.00000000    1.00000000    1.00000000
  78    0.00050140    0.00061247    1.00000000    1.00000000    1.00000000
  79    0.00051160    0.00062493    1.00000000    1.00000000    1.00000000
  80    0.00052194    0.00063755    1.00000000    1.00000000    1.00000000
  81    0.00053240    0.00065033    1.00000000    1.00000000    1.00000000
  82    0.00054299    0.00066327    1.00000000    1.00000000    1.00000000
  83    0.00055372    0.00067638    1.00000000    1.00000000    1.00000000
  84    0.00056458    0.00068964    1.00000000    1.00000000    1.00000000
  85    0.00057558    0.00070308    1.00000000    1.00000000    1.00000000
  86    0.00058672    0.00071668    1.00000000    1.00000000    1.00000000
  87    0.00059800    0.00073046    1.00000000    1.00000000    1.00000000
  88    0.00060942    0.00074441    1.00000000    1.00000000    1.00000000
  89    0.00062098    0.00075853    1.00000000    1.00000000    1.00000000
  90    0.00063269    0.00077283    1.00000000    1.00000000    1.00000000
  91    0.00064454    0.00078732    1.00000000    1.00000000    1.00000000
  92    0.00065655    0.00080198    1.00000000    1.00000000    1.00000000
  93    0.00066870    0.00081683    1.00000000    1.00000000    1.00000000
  94    0.00068101    0.00083186    1.00000000    1.00000000    1.00000000
  95    0.00069348    0.00084709    1.00000000    1.00000000    1.00000000
  96    0.00070610    0.00086250    1.00000000    1.00000000    1.00000000
  97    0.00071887    0.00087811    1.00000000    1.00000000    1.00000000
  98    0.00073181    0.00089392    1.00000000    1.00000000    1.00000000
  99    0.00074492    0.00090992    1.00000000    1.00000000    1.00000000
 100    0.00075818    0.00092613    1.00000000    1.00000000    1.00000000
 101    0.00077162    0.00094254    1.00000000    1.00000000    1.00000000
 102    0.00078522    0.00095916    1.00000000    1.00000000    1.00000000
 103    0.00079900    0.00097598    1.00000000    1.00000000    1.00000000
 104    0.00081294    0.00099302    1.00000000    1.00000000    1.00000000
 105    0.00082707    0.00101027    1.00000000    1.00000000    1.00000000
 106    0.00084137    0.00102774    1.00000000    1.00000000    1.00000000
 107    0.00085585    0.00104543    1.00000000    1.00000000    1.00000000
 108    0.00087051    0.00106334    1.00000000    1.00000000    1.00000000
 109    0.00088536    0.00108147    1.00000000    1.00000000    1.00000000
 110    0.00090039    0.00109984    1.00000000    1.00000000    1.00000000
 111    0.00091561    0.00111843    1.00000000    1.00000000    1.00000000
 112    0.00093103    0.00113726    1.00000000    1.00000000    1.00000000
 113    0.00094664    0.00115633    1.00000000    1.00000000    1.00000000
 114    0.00096244    0.00117563    1.00000000    1.00000000    1.00000000
 115    0.00097844    0.00119518    1.00000000    1.00000000    1.00000000
 116    0.00099465    0.00121497    1.00000000    1.00000000    1.00000000
 117    0.00101106    0.00123502    1.00000000    1.00000000    1.00000000
 118    0.00102767    0.00125531    1.00000000    1.00000000    1.00000000
 119    0.00104450    0.00127586    1.00000000    1.00000000    1.00000000
 120    0.00106153    0.00129667    1.00000000    1.00000000    1.00000000
 121    0.00107878    0.00131774    1.00000000    1.00000000    1.00000000
 122    0.00109625    0.00133908    1.00000000    1.00000000    1.00000000
 123    0.00111393    0.00136068    1.00000000    1.00000000    1.00000000
 124    0.00113184    0.00138256    1.00000000    1.00000000    1.00000000
 125    0.00114998    0.00140471    1.00000000    1.00000000    1.00000000
 126    0.00116834    0.00142714    1.00000000    1.00000000    1.00000000
 127    0.00118693    0.00144985    1.00000000    1.00000000    1.00000000
 128    0.00120576    0.00147285    1.00000000    1.00000000    1.00000000
 129    0.00122482    0.00149614    1.00000000    1.00000000    1.00000000
 130    0.00124413    0.00151972    1.00000000    1.00000000    1.00000000
 131    0.00126367    0.00154359    1.00000000    1.00000000    1.00000000
 132    0.00128347    0.00156777    1.00000000    1.00000000    1.00000000
 133    0.00130351    0.00159225    1.00000000    1.00000000    1.00000000
 134    0.00132380    0.00161704    1.00000000    1.00000000    1.00000000
 135    0.00134435    0.00164214    1.00000000    1.00000000    1.00000000
 136    0.00136516    0.00166756    1.00000000    1.00000000    1.00000000
 137    0.00138623    0.00169329    1.00000000    1.00000000    1.00000000
 138    0.00140756    0.00171935    1.00000000    1.00000000    1.00000000
 139    0.00142916    0.00174574    1.00000000    1.00000000    1.00000000
 140    0.00145104    0.00177246    1.00000000    1.00000000    1.00000000
 141    0.00147319    0.00179951    1.00000000    1.00000000    1.00000000
 142    0.00149561    0.00182691    1.00000000    1.00000000    1.00000000
 143    0.00151832    0.00185465    1.00000000    1.00000000    1.00000000
 144    0.00154132    0.00188274    1.00000000    1.00000000    1.00000000
 145    0.00156460    0.00191118    1.00000000    1.00000000    1.00000000
 146    0.00158818    0.00193998    1.00000000    1.00000000    1.00000000
 147    0.00161205    0.00196914    1.00000000    1.00000000    1.00000000
 148    0.00163623    0.00199867    1.00000000    1.00000000    1.00000000
 149    0.00166071    0.00202858    1.00000000    1.00000000    1.00000000
 150    0.00168549    0.00205885    1.00000000    1.00000000    1.00000000
 151    0.00171059    0.00208951    1.00000000    1.00000000    1.00000000
 152    0.00173601    0.00212055    1.00000000    1.00000000    1.00000000
 153    0.00176174    0.00215199    1.00000000    1.00000000    1.00000000
 154    0.00178780    0.00218382    1.00000000    1.00000000    1.00000000
 155    0.00181418    0.00221605    1.00000000    1.00000000    1.00000000
 156    0.00184090    0.00224868    1.00000000    1.00000000    1.00000000
 157    0.00186795    0.00228173    1.00000000    1.00000000    1.00000000
 158    0.00189535    0.00231519    1.00000000    1.00000000    1.00000000
 159    0.00192308    0.00234907    1.00000000    1.00000000    1.00000000
 160    0.00195117    0.00238338    1.00000000    1.00000000    1.00000000
 161    0.00197961    0.00241812    1.00000000    1.00000000    1.00000000
 162    0.00200841    0.00245330    1.00000000    1.00000000    1.00000000
 163    0.00203757    0.00248892    1.00000000    1.00000000    1.00000000
 164    0.00206710    0.00252499    1.00000000    1.00000000    1.00000000
 165    0.00209699    0.00256151    1.00000000    1.00000000    1.00000000
 166    0.00212727    0.00259849    1.00000000    1.00000000    1.00000000
 167    0.00215792    0.00263593    0.99999999    1.00000000    1.00000000
 168    0.00218896    0.00267385    0.99999999    1.00000000    1.00000000
 169    0.00222039    0.00271224    0.99999999    1.00000000    1.00000000
 170    0.00225222    0.00275112    0.99999999    1.00000000    1.00000000
 171    0.00228445    0.00279049    0.99999999    1.00000000    1.00000000
 172    0.00231708    0.00283035    0.99999999    1.00000000    1.00000000
 173    0.00235012    0.00287071    0.99999999    1.00000000    1.00000000
 174    0.00238358    0.00291158    0.99999999    1.00000000    1.00000000
 175    0.00241746    0.00295296    0.99999999    1.00000000    1.00000000
 176    0.00245177    0.00299487    0.99999999    1.00000000    1.00000000
 177    0.00248650    0.00303730    0.99999999    1.00000000    1.00000000
 178    0.00252168    0.00308027    0.99999999    1.00000000    1.00000000
 179    0.00255729    0.00312377    0.99999999    1.00000000    1.00000000
 180    0.00259336    0.00316783    0.99999999    1.00000000    1.00000000
 181    0.00262987    0.00321243    0.99999999    1.00000000    1.00000000
 182    0.00266685    0.00325760    0.99999999    1.00000000    1.00000000
 183    0.00270429    0.00330334    0.99999999    1.00000000    1.00000000
 184    0.00274221    0.00334965    0.99999999    1.00000000    1.00000000
 185    0.00278060    0.00339654    0.99999999    1.00000000    1.00000000
 186    0.00281947    0.00344403    0.99999999    1.00000000    1.00000000
 187    0.00285883    0.00349211    0.99999999    1.00000000    1.00000000
 188    0.00289869    0.00354080    0.99999999    1.00000000    1.00000000
 189    0.00293905    0.00359010    0.99999999    1.00000000    1.00000000
 190    0.00297991    0.00364002    0.99999999    1.00000000    1.00000000
 191    0.00302129    0.00369056    0.99999999    1.00000000    1.00000000
 192    0.00306319    0.00374175    0.99999999    1.00000000    1.00000000
 193    0.00310562    0.00379357    0.99999998    1.00000000    1.00000000
 194    0.00314858    0.00384605    0.99999998    1.00000000    1.00000000
 195    0.00319208    0.00389919    0.99999998    1.00000000    1.00000000
 196    0.00323613    0.00395300    0.99999998    1.00000000    1.00000000
 197    0.00328074    0.00400748    0.99999998    1.00000000    1.00000000
 198    0.00332590    0.00406265    0.99999998    1.00000000    1.00000000
 199    0.00337163    0.00411851    0.99999998    1.00000000    1.00000000
 200    0.00341794    0.00417508    0.99999998    1.00000000    1.00000000
 201    0.00346483    0.00423236    0.99999998    1.00000000    1.00000000
 202    0.00351231    0.00429036    0.99999998    1.00000000    1.00000000
 203    0.00356039    0.00434908    0.99999998    1.00000000    1.00000000
 204    0.00360907    0.00440855    0.99999998    1.00000000    1.00000000
 205    0.00365836    0.00446876    0.99999998    1.00000000    1.00000000
 206    0.00370827    0.00452974    0.99999997    1.00000000    1.00000000
 207    0.00375882    0.00459148    0.99999997    1.00000000    1.00000000
 208    0.00380999    0.00465399    0.99999997    1.00000000    1.00000000
 209    0.00386181    0.00471729    0.99999997    1.00000000    1.00000000
 210    0.00391429    0.00478139    0.99999997    1.00000000    1.00000000
 211    0.00396742    0.00484630    0.99999997    1.00000000    1.00000000
 212    0.00402122    0.00491202    0.99999997    1.00000000    1.00000000
 213    0.00407570    0.00497856    0.99999997    1.00000000    1.00000000
 214    0.00413086    0.00504595    0.99999996    1.00000000    1.00000000
 215    0.00418672    0.00511418    0.99999996    1.00000000    1.00000000
 216    0.00424328    0.00518327    0.99999996    1.00000000    1.00000000
 217    0.00430055    0.00525323    0.99999996    1.00000000    1.00000000
 218    0.00435854    0.00532407    0.99999996    1.00000000    1.00000000
 219    0.00441726    0.00539580    0.99999996    1.00000000    1.00000000
 220    0.00447672    0.00546844    0.99999995    1.00000000    1.00000000
 221    0.00453693    0.00554199    0.99999995    1.00000000    1.00000000
 222    0.00459790    0.00561646    0.99999995    1.00000000    1.00000000
 223    0.00465963    0.00569187    0.99999995    1.00000000    1.00000000
 224    0.00472214    0.00576822    0.99999995    1.00000000    1.00000000
 225    0.00478543    0.00584554    0.99999994    1.00000000    1.00000000
 226    0.00484952    0.00592383    0.99999994    1.00000000    1.00000000
 227    0.00491442    0.00600311    0.99999994    1.00000000    1.00000000
 228    0.00498013    0.00608338    0.99999994    1.00000000    1.00000000
 229    0.00504667    0.00616467    0.99999993    1.00000000    1.00000000
 230    0.00511405    0.00624697    0.99999993    1.00000000    1.00000000
 231    0.00518227    0.00633031    0.99999993    1.00000000    1.00000000
 232    0.00525136    0.00641470    0.99999993    1.00000000    1.00000000
 233    0.00532131    0.00650015    0.99999992    1.00000000    1.00000000
 234    0.00539214    0.00658668    0.99999992    1.00000000    1.00000000
 235    0.00546386    0.00667429    0.99999992    1.00000000    1.00000000
 236    0.00553648    0.00676301    0.99999991    1.00000000    1.00000000
 237    0.00561002    0.00685284    0.99999991    1.00000000    1.00000000
 238    0.00568448    0.00694381    0.99999991    1.00000000    1.00000000
 239    0.00575988    0.00703591    0.99999990    1.00000000    1.00000000
 240    0.00583623    0.00712918    0.99999990    1.00000000    1.00000000
 241    0.00591354    0.00722362    0.99999990    1.00000000    1.00000000
 242    0.00599182    0.00731925    0.99999989    1.00000000    1.00000000
 243    0.00607109    0.00741608    0.99999989    1.00000000    1.00000000
 244    0.00615135    0.00751412    0.99999988    1.00000000    1.00000000
 245    0.00623262    0.00761341    0.99999988    1.00000000    1.00000000
 246    0.00631491    0.00771394    0.99999987    1.00000000    1.00000000
 247    0.00639824    0.00781573    0.99999987    1.00000000    1.00000000
 248    0.00648262    0.00791881    0.99999986    1.00000000    1.00000000
 249    0.00656806    0.00802318    0.99999986    1.00000000    1.00000000
 250    0.00665457    0.00812887    0.99999985    1.00000000    1.00000000
 251    0.00674217    0.00823589    0.99999984    1.00000000    1.00000000
 252    0.00683088    0.00834425    0.99999984    1.00000000    1.00000000
 253    0.00692070    0.00845397    0.99999983    1.00000000    1.00000000
 254    0.00701165    0.00856508    0.99999983    1.00000000    1.00000000
 255    0.00710374    0.00867758    0.99999982    1.00000000    1.00000000
 256    0.00719699    0.00879150    0.99999981    1.00000000    1.00000000
 257    0.00729141    0.00890685    0.99999980    1.00000000    1.00000000
 258    0.00738703    0.00902366    0.99999980    1.00000000    1.00000000
 259    0.00748384    0.00914193    0.99999979    1.00000000    1.00000000
 260    0.00758187    0.00926169    0.99999978    1.00000000    1.00000000
 261    0.00768114    0.00938296    0.99999977    1.00000000    1.00000000
 262    0.00778165    0.00950576    0.99999976    1.00000000    1.00000000
 263    0.00788343    0.00963009    0.99999975    1.00000000    1.00000000
 264    0.00798649    0.00975600    0.99999974    1.00000000    1.00000000
 265    0.00809085    0.00988348    0.99999973    0.99999999    0.99999999
 266    0.00819651    0.01001258    0.99999972    0.99999999    0.99999999
 267    0.00830351    0.01014329    0.99999971    0.99999999    0.99999999
 268    0.00841185    0.01027565    0.99999970    0.99999999    0.99999999
 269    0.00852156    0.01040968    0.99999969    0.99999999    0.99999999
 270    0.00863264    0.01054539    0.99999967    0.99999999    0.99999999
 271    0.00874513    0.01068281    0.99999966    0.99999999    0.99999999
 272    0.00885902    0.01082196    0.99999965    0.99999999    0.99999999
 273    0.00897435    0.01096286    0.99999963    0.99999999    0.99999999
 274    0.00909113    0.01110553    0.99999962    0.99999999    0.99999999
 275    0.00920938    0.01125000    0.99999960    0.99999999    0.99999999
 276    0.00932912    0.01139628    0.99999959    0.99999999    0.99999999
 277    0.00945036    0.01154441    0.99999957    0.99999999    0.99999999
 278    0.00957313    0.01169440    0.99999956    0.99999999    0.99999999
 279    0.00969745    0.01184628    0.99999954    0.99999999    0.99999999
 280    0.00982332    0.01200007    0.99999952    0.99999999    0.99999999
 281    0.00995078    0.01215579    0.99999950    0.99999999    0.99999999
 282    0.01007984    0.01231347    0.99999948    0.99999999    0.99999999
 283    0.01021053    0.01247314    0.99999946    0.99999999    0.99999999
 284    0.01034286    0.01263482    0.99999944    0.99999999    0.99999999
 285    0.01047685    0.01279853    0.99999942    0.99999999    0.99999999
 286    0.01061253    0.01296430    0.99999939    0.99999999    0.99999999
 287    0.01074992    0.01313216    0.99999937    0.99999999    0.99999999
 288    0.01088904    0.01330213    0.99999935    0.99999999    0.99999999
 289    0.01102990    0.01347424    0.99999932    0.99999999    0.99999999
 290    0.01117254    0.01364851    0.99999929    0.99999999    0.99999999
 291    0.01131697    0.01382498    0.99999927    0.99999999    0.99999999
 292    0.01146321    0.01400367    0.99999924    0.99999999    0.99999999
 293    0.01161130    0.01418461    0.99999921    0.99999998    0.99999998
 294    0.01176125    0.01436782    0.99999918    0.99999998    0.99999998
 295    0.01191309    0.01455335    0.99999914    0.99999998    0.99999998
 296    0.01206683    0.01474120    0.99999911    0.99999998    0.99999998
 297    0.01222251    0.01493142    0.99999907    0.99999998    0.99999998
 298    0.01238015    0.01512404    0.99999904    0.99999998    0.99999998
 299    0.01253977    0.01531908    0.99999900    0.99999998    0.99999998
 300    0.01270140    0.01551657    0.99999896    0.99999998    0.99999998
 301    0.01286506    0.01571655    0.99999892    0.99999998    0.99999998
 302    0.01303078    0.01591905    0.99999888    0.99999998    0.99999998
 303    0.01319858    0.01612409    0.99999883    0.99999998    0.99999998
 304    0.01336850    0.01633172    0.99999879    0.99999998    0.99999998
 305    0.01354055    0.01654196    0.99999874    0.99999998    0.99999998
 306    0.01371477    0.01675485    0.99999869    0.99999998    0.99999998
 307    0.01389118    0.01697041    0.99999864    0.99999997    0.99999997
 308    0.01406980    0.01718870    0.99999859    0.99999997    0.99999997
 309    0.01425068    0.01740972    0.99999853    0.99999997    0.99999997
 310    0.01443382    0.01763353    0.99999848    0.99999997    0.99999997
 311    0.01461928    0.01786016    0.99999842    0.99999997    0.99999997
 312    0.01480706    0.01808965    0.99999835    0.99999997    0.99999997
 313    0.01499721    0.01832202    0.99999829    0.99999997    0.99999997
 314    0.01518975    0.01855731    0.99999822    0.99999997    0.99999997
 315    0.01538471    0.01879557    0.99999815    0.99999997    0.99999997
 316    0.01558212    0.01903683    0.99999808    0.99999996    0.99999996
 317    0.01578202    0.01928113    0.99999801    0.99999996    0.99999996
 318    0.01598443    0.01952850    0.99999793    0.99999996    0.99999996
 319    0.01618939    0.01977899    0.99999785    0.99999996    0.99999996
 320    0.01639692    0.02003263    0.99999776    0.99999996    0.99999996
 321    0.01660707    0.02028946    0.99999768    0.99999996    0.99999996
 322    0.01681985    0.02054953    0.99999759    0.99999995    0.99999995
 323    0.01703532    0.02081288    0.99999749    0.99999995    0.99999995
 324    0.01725350    0.02107954    0.99999740    0.99999995    0.99999995
 325    0.01747441    0.02134956    0.99999729    0.99999995    0.99999995
 326    0.01769811    0.02162298    0.99999719    0.99999995    0.99999995
 327    0.01792463    0.02189984    0.99999708    0.99999994    0.99999994
 328    0.01815399    0.02218020    0.99999697    0.99999994    0.99999994
 329    0.01838623    0.02246408    0.99999685    0.99999994    0.99999994
 330    0.01862140    0.02275154    0.99999673    0.99999994    0.99999994
 331    0.01885953    0.02304261    0.99999660    0.99999994    0.99999994
 332    0.01910065    0.02333736    0.99999647    0.99999993    0.99999993
 333    0.01934480    0.02363582    0.99999633    0.99999993    0.99999993
 334    0.01959203    0.02393804    0.99999619    0.99999993    0.99999993
 335    0.01984236    0.02424406    0.99999604    0.99999993    0.99999993
 336    0.02009585    0.02455395    0.99999588    0.99999992    0.99999992
 337    0.02035252    0.02486773    0.99999573    0.99999992    0.99999992
 338    0.02061242    0.02518547    0.99999556    0.99999992    0.99999992
 339    0.02087559    0.02550721    0.99999539    0.99999991    0.99999991
 340    0.02114207    0.02583301    0.99999521    0.99999991    0.99999991
 341    0.02141190    0.02616292    0.99999502    0.99999991    0.99999991
 342    0.02168512    0.02649698    0.99999483    0.99999990    0.99999990
 343    0.02196179    0.02683525    0.99999463    0.99999990    0.99999990
 344    0.02224193    0.02717778    0.99999442    0.99999990    0.99999990
 345    0.02252560    0.02752463    0.99999420    0.99999989    0.99999989
 346    0.02281283    0.02787585    0.99999398    0.99999989    0.99999989
 347    0.02310368    0.02823151    0.99999375    0.99999988    0.99999988
 348    0.02339818    0.02859164    0.99999350    0.99999988    0.99999988
 349    0.02369639    0.02895631    0.99999325    0.99999987    0.99999987
 350    0.02399836    0.02932558    0.99999299    0.99999987    0.99999987
 351    0.02430412    0.02969951    0.99999272    0.99999986    0.99999986
 352    0.02461372    0.03007815    0.99999244    0.99999986    0.99999986
 353    0.02492722    0.03046157    0.99999215    0.99999985    0.99999985
 354    0.02524466    0.03084982    0.99999184    0.99999985    0.99999985
 355    0.02556610    0.03124297    0.99999153    0.99999984    0.99999984
 356    0.02589158    0.03164108    0.99999120    0.99999984    0.99999984
 357    0.02622115    0.03204420    0.99999086    0.99999983    0.99999983
 358    0.02655487    0.03245242    0.99999050    0.99999982    0.99999982
 359    0.02689279    0.03286578    0.99999014    0.99999982    0.99999982
 360    0.02723496    0.03328435    0.99998975    0.99999981    0.99999981
 361    0.02758143    0.03370821    0.99998936    0.99999980    0.99999980
 362    0.02793225    0.03413742    0.99998895    0.99999979    0.99999979
 363    0.02828750    0.03457204    0.99998852    0.99999979    0.99999979
 364    0.02864721    0.03501214    0.99998808    0.99999978    0.99999978
 365    0.02901144    0.03545781    0.99998762    0.99999977    0.99999977
 366    0.02938026    0.03590909    0.99998714    0.99999976    0.99999976
 367    0.02975371    0.03636607    0.99998664    0.99999975    0.99999975
 368    0.03013187    0.03682882    0.99998612    0.99999974    0.99999974
 369    0.03051478    0.03729742    0.99998559    0.99999973    0.99999973
 370    0.03090250    0.03777193    0.99998503    0.99999972    0.99999972
 371    0.03129511    0.03825243    0.99998445    0.99999971    0.99999971
 372    0.03169265    0.03873900    0.99998385    0.99999970    0.99999970
 373    0.03209519    0.03923171    0.99998323    0.99999969    0.99999969
 374    0.03250279    0.03973065    0.99998258    0.99999967    0.99999967
 375    0.03291553    0.04023589    0.99998191    0.99999966    0.99999966
 376    0.03333345    0.04074751    0.99998121    0.99999965    0.99999965
 377    0.03375663    0.04126560    0.99998049    0.99999964    0.99999964
 378    0.03418513    0.04179023    0.99997973    0.99999962    0.99999962
 379    0.03461903    0.04232150    0.99997895    0.99999961    0.99999961
 380    0.03505838    0.04285948    0.99997814    0.99999959    0.99999959
 381    0.03550326    0.04340426    0.99997730    0.99999958    0.99999958
 382    0.03595373    0.04395593    0.99997642    0.99999956    0.99999956
 383    0.03640987    0.04451457    0.99997551    0.99999954    0.99999954
 384    0.03687175    0.04508028    0.99997457    0.99999952    0.99999952
 385    0.03733943    0.04565314    0.99997358    0.99999951    0.99999951
 386    0.03781300    0.04623325    0.99997257    0.99999949    0.99999949
 387    0.03829253    0.04682070    0.99997151    0.99999947    0.99999947
 388    0.03877809    0.04741558    0.99997041    0.99999945    0.99999945
 389    0.03926975    0.04801799    0.99996927    0.99999943    0.99999943
 390    0.03976760    0.04862802    0.99996808    0.99999940    0.99999940
 391    0.04027171    0.04924577    0.99996685    0.99999938    0.99999938
 392    0.04078217    0.04987135    0.99996558    0.99999936    0.99999936
 393    0.04129904    0.05050485    0.99996425    0.99999933    0.99999933
 394    0.04182242    0.05114637    0.99996287    0.99999931    0.99999931
 395    0.04235238    0.05179601    0.99996144    0.99999928    0.99999928
 396    0.04288900    0.05245389    0.99995996    0.99999925    0.99999925
 397    0.04343237    0.05312010    0.99995841    0.99999922    0.99999922
 398    0.04398258    0.05379476    0.99995681    0.99999919    0.99999919
 399    0.04453971    0.05447797    0.99995515    0.99999916    0.99999916
 400    0.04510385    0.05516984    0.99995342    0.99999913    0.99999913
 401    0.04567509    0.05587048    0.99995162    0.99999910    0.99999910
 402    0.04625351    0.05658001    0.99994976    0.99999906    0.99999906
 403    0.04683920    0.05729854    0.99994783    0.99999903    0.99999903
 404    0.04743226    0.05802619    0.99994582    0.99999899    0.99999899
 405    0.04803278    0.05876307    0.99994373    0.99999895    0.99999895
 406    0.04864086    0.05950931    0.99994156    0.99999891    0.99999891
 407    0.04925658    0.06026502    0.99993931    0.99999887    0.99999887
 408    0.04988005    0.06103033    0.99993698    0.99999882    0.99999882
 409    0.05051136    0.06180536    0.99993455    0.99999878    0.99999878
 410    0.05115062    0.06259023    0.99993203    0.99999873    0.99999873
 411    0.05179791    0.06338509    0.99992941    0.99999868    0.99999868
 412    0.05245334    0.06419004    0.99992670    0.99999863    0.99999863
 413    0.05311702    0.06500523    0.99992387    0.99999858    0.99999858
 414    0.05378905    0.06583080    0.99992094    0.99999853    0.99999853
 415    0.05446953    0.06666686    0.99991790    0.99999847    0.99999847
 416    0.05515857    0.06751356    0.99991474    0.99999841    0.99999841
 417    0.05585628    0.06837104    0.99991146    0.99999835    0.99999835
 418    0.05656276    0.06923944    0.99990805    0.99999829    0.99999829
 419    0.05727813    0.07011890    0.99990451    0.99999822    0.99999822
 420    0.05800250    0.07100957    0.99990083    0.99999815    0.99999815
 421    0.05873598    0.07191158    0.99989702    0.99999808    0.99999808
 422    0.05947868    0.07282510    0.99989305    0.99999801    0.99999801
 423    0.06023073    0.07375026    0.99988894    0.99999793    0.99999793
 424    0.06099223    0.07468723    0.99988466    0.99999785    0.99999785
 425    0.06176332    0.07563616    0.99988022    0.99999777    0.99999777
 426    0.06254410    0.07659720    0.99987562    0.99999768    0.99999768
 427    0.06333471    0.07757051    0.99987083    0.99999759    0.99999759
 428    0.06413526    0.07855625    0.99986586    0.99999750    0.99999750
 429    0.06494588    0.07955460    0.99986069    0.99999740    0.99999740
 430    0.06576669    0.08056570    0.99985533    0.99999730    0.99999730
 431    0.06659783    0.08158974    0.99984977    0.99999720    0.99999720
 432    0.06743943    0.08262688    0.99984398    0.99999709    0.99999709
 433    0.06829161    0.08367730    0.99983798    0.99999698    0.99999698
 434    0.06915451    0.08474117    0.99983174    0.99999687    0.99999687
 435    0.07002826    0.08581866    0.99982527    0.99999675    0.99999675
 436    0.07091301    0.08690997    0.99981854    0.99999662    0.99999662
 437    0.07180888    0.08801526    0.99981156    0.99999649    0.99999649
 438    0.07271602    0.08913474    0.99980431    0.99999636    0.99999636
 439    0.07363458    0.09026858    0.99979678    0.99999622    0.99999622
 440    0.07456468    0.09141698    0.99978896    0.99999607    0.99999607
 441    0.07550649    0.09258013    0.99978083    0.99999592    0.99999592
 442    0.07646014    0.09375823    0.99977240    0.99999576    0.99999576
 443    0.07742579    0.09495148    0.99976364    0.99999560    0.99999560
 444    0.07840358    0.09616008    0.99975454    0.99999543    0.99999543
 445    0.07939367    0.09738424    0.99974509    0.99999525    0.99999525
 446    0.08039622    0.09862416    0.99973528    0.99999507    0.99999507
 447    0.08141138    0.09988006    0.99972509    0.99999488    0.99999488
 448    0.08243931    0.10115215    0.99971450    0.99999469    0.99999469
 449    0.08348016    0.10244066    0.99970351    0.99999448    0.99999448
 450    0.08453411    0.10374579    0.99969210    0.99999427    0.99999427
 451    0.08560132    0.10506778    0.99968024    0.99999405    0.99999405
 452    0.08668195    0.10640685    0.99966793    0.99999382    0.99999382
 453    0.08777617    0.10776324    0.99965514    0.99999358    0.99999358
 454    0.08888415    0.10913718    0.99964186    0.99999334    0.99999334
 455    0.09000608    0.11052891    0.99962807    0.99999308    0.99999308
 456    0.09114211    0.11193867    0.99961375    0.99999282    0.99999282
 457    0.09229243    0.11336670    0.99959887    0.99999254    0.99999254
 458    0.09345723    0.11481326    0.99958342    0.99999225    0.99999225
 459    0.09463667    0.11627860    0.99956737    0.99999196    0.99999196
 460    0.09583095    0.11776298    0.99955071    0.99999165    0.99999165
 461    0.09704025    0.11926665    0.99953340    0.99999133    0.99999133
 462    0.09826477    0.12078989    0.99951542    0.99999099    0.99999099
 463    0.09950468    0.12233295    0.99949675    0.99999065    0.99999065
 464    0.10076020    0.12389612    0.99947736    0.99999029    0.99999029
 465    0.10203150    0.12547968    0.99945721    0.99998992    0.99998992
 466    0.10331880    0.12708390    0.99943629    0.99998953    0.99998953
 467    0.10462228    0.12870907    0.99941456    0.99998913    0.99998913
 468    0.10594217    0.13035548    0.99939199    0.99998871    0.99998871
 469    0.10727865    0.13202342    0.99936855    0.99998828    0.99998828
 470    0.10863195    0.13371321    0.99934421    0.99998783    0.99998783
 471    0.11000227    0.13542513    0.99931892    0.99998736    0.99998736
 472    0.11138982    0.13715951    0.99929265    0.99998688    0.99998688
 473    0.11279483    0.13891665    0.99926537    0.99998638    0.99998638
 474    0.11421751    0.14069687    0.99923703    0.99998585    0.99998585
 475    0.11565809    0.14250050    0.99920759    0.99998531    0.99998531
 476    0.11711679    0.14432787    0.99917702    0.99998475    0.99998475
 477    0.11859383    0.14617931    0.99914526    0.99998417    0.99998417
 478    0.12008946    0.14805517    0.99911227    0.99998356    0.99998356
 479    0.12160389    0.14995578    0.99907800    0.99998293    0.99998293
 480    0.12313738    0.15188150    0.99904240    0.99998228    0.99998228
 481    0.12469016    0.15383269    0.99900543    0.99998160    0.99998160
 482    0.12626246    0.15580970    0.99896702    0.99998090    0.99998090
 483    0.12785455    0.15781291    0.99892712    0.99998017    0.99998017
 484    0.12946666    0.15984269    0.99888567    0.99997942    0.99997942
 485    0.13109904    0.16189942    0.99884262    0.99997863    0.99997863
 486    0.13275196    0.16398348    0.99879789    0.99997782    0.99997782
 487    0.13442567    0.16609527    0.99875143    0.99997697    0.99997697
 488    0.13612044    0.16823519    0.99870316    0.99997610    0.99997610
 489    0.13783652    0.17040365    0.99865302    0.99997519    0.99997519
 490    0.13957419    0.17260104    0.99860093    0.99997425    0.99997425
 491    0.14133371    0.17482780    0.99854681    0.99997327    0.99997327
 492    0.14311537    0.17708434    0.99849059    0.99997226    0.99997226
 493    0.14491944    0.17937110    0.99843218    0.99997121    0.99997121
 494    0.14674620    0.18168851    0.99837150    0.99997012    0.99997012
 495    0.14859593    0.18403703    0.99830846    0.99996899    0.99996899
 496    0.15046894    0.18641711    0.99824296    0.99996782    0.99996782
 497    0.15236550    0.18882919    0.99817491    0.99996660    0.99996660
 498    0.15428592    0.19127376    0.99810421    0.99996535    0.99996535
 499    0.15623050    0.19375129    0.99803076    0.99996404    0.99996404
 500    0.15819953    0.19626225    0.99795444    0.99996269    0.99996269
 501    0.16019333    0.19880714    0.99787514    0.99996129    0.99996129
 502    0.16221221    0.20138645    0.99779275    0.99995985    0.99995985
 503    0.16425649    0.20400070    0.99770714    0.99995835    0.99995835
 504    0.16632648    0.20665039    0.99761819    0.99995679    0.99995679
 505    0.16842251    0.20933604    0.99752576    0.99995519    0.99995519
 506    0.17054490    0.21205818    0.99742972    0.99995352    0.99995352
 507    0.17269399    0.21481736    0.99732993    0.99995180    0.99995180
 508    0.17487011    0.21761410    0.99722623    0.99995002    0.99995002
 509    0.17707360    0.22044898    0.99711848    0.99994818    0.99994818
 510    0.17930481    0.22332254    0.99700650    0.99994628    0.99994628
 511    0.18156408    0.22623536    0.99689014    0.99994431    0.99994431
 512    0.18385178    0.22918801    0.99676922    0.99994227    0.99994227
 513    0.18616824    0.23218109    0.99664357    0.99994017    0.99994017
 514    0.18851385    0.23521518    0.99651298    0.99993800    0.99993800
 515    0.19088896    0.23829088    0.99637727    0.99993576    0.99993576
 516    0.19329394    0.24140882    0.99623623    0.99993345    0.99993345
 517    0.19572918    0.24456960    0.99608966    0.99993106    0.99993106
 518    0.19819505    0.24777385    0.99593733    0.99992860    0.99992860
 519    0.20069193    0.25102222    0.99577901    0.99992607    0.99992607
 520    0.20322022    0.25431534    0.99561446    0.99992346    0.99992346
 521    0.20578031    0.25765386    0.99544345    0.99992076    0.99992076
 522    0.20837261    0.26103844    0.99526570    0.99991800    0.99991800
 523    0.21099751    0.26446976    0.99508095    0.99991515    0.99991515
 524    0.21365543    0.26794848    0.99488893    0.99991222    0.99991222
 525    0.21634678    0.27147528    0.99468934    0.99990921    0.99990921
 526    0.21907199    0.27505086    0.99448187    0.99990612    0.99990612
 527    0.22183147    0.27867591    0.99426623    0.99990296    0.99990296
 528    0.22462567    0.28235113    0.99404208    0.99989971    0.99989971
 529    0.22745501    0.28607723    0.99380907    0.99989638    0.99989638
 530    0.23031994    0.28985492    0.99356687    0.99989298    0.99989298
 531    0.23322090    0.29368493    0.99331509    0.99988950    0.99988950
 532    0.23615836    0.29756798    0.99305336    0.99988595    0.99988595
 533    0.23913276    0.30150480    0.99278127    0.99988234    0.99988234
 534    0.24214458    0.30549612    0.99249843    0.99987865    0.99987865
 535    0.24519428    0.30954269    0.99220439    0.99987490    0.99987490
 536    0.24828234    0.31364524    0.99189870    0.99987109    0.99987109
 537    0.25140924    0.31780451    0.99158091    0.99986724    0.99986724
 538    0.25457548    0.32202125    0.99125052    0.99986333    0.99986333
 539    0.25778154    0.32629621    0.99090703    0.99985939    0.99985939
 540    0.26102793    0.33063012    0.99054993    0.99985542    0.99985542
 541    0.26431516    0.33502374    0.99017865    0.99985143    0.99985143
 542    0.26764373    0.33947781    0.98979265    0.99984743    0.99984743
 543    0.27101417    0.34399307    0.98939132    0.99984344    0.99984344
 544    0.27442701    0.34857024    0.98897406    0.99983946    0.99983946
 545    0.27788277    0.35321006    0.98854023    0.99983552    0.99983552
 546    0.28138200    0.35791326    0.98808917    0.99983163    0.99983163
 547    0.28492525    0.36268054    0.98762018    0.99982781    0.99982781
 548    0.28851307    0.36751262    0.98713255    0.99982409    0.99982409
 549    0.29214601    0.37241018    0.98662555    0.99982049    0.99982049
 550    0.29582465    0.37737391    0.98609839    0.99981703    0.99981703
 551    0.29954957    0.38240446    0.98555027    0.99981375    0.99981375
 552    0.30332133    0.38750250    0.98498036    0.99981068    0.99981068
 553    0.30714054    0.39266864    0.98438779    0.99980785    0.99980785
 554    0.31100779    0.39790349    0.98377167    0.99980531    0.99980531
 555    0.31492369    0.40320764    0.98313105    0.99980310    0.99980310
 556    0.31888884    0.40858164    0.98246496    0.99980127    0.99980127
 557    0.32290386    0.41402603    0.98177241    0.99979987    0.99979987
 558    0.32696939    0.41954129    0.98105233    0.99979896    0.99979896
 559    0.33108606    0.42512790    0.98030365    0.99979861    0.99979861
 560    0.33525450    0.43078626    0.97952524    0.99979888    0.99979888
 561    0.33947538    0.43651677    0.97871593    0.99979984    0.99979984
 562    0.34374936    0.44231976    0.97787450    0.99980159    0.99980159
 563    0.34807709    0.44819553    0.97699971    0.99980421    0.99980421
 564    0.35245926    0.45414429    0.97609024    0.99980780    0.99980780
 565    0.35689655    0.46016624    0.97514474    0.99981246    0.99981246
 566    0.36138965    0.46626150    0.97416182    0.99981830    0.99981830
 567    0.36593927    0.47243011    0.97314003    0.99982546    0.99982546
 568    0.37054612    0.47867207    0.97207787    0.99983406    0.99983406
 569    0.37521091    0.48498727    0.97097378    0.99984425    0.99984425
 570    0.37993438    0.49137556    0.96982616    0.99985617    0.99985617
 571    0.38471726    0.49783667    0.96863334    0.99987001    0.99987001
 572    0.38956031    0.50437026    0.96739360    0.99988594    0.99988594
 573    0.39446427    0.51097588    0.96610517    0.99990415    0.99990415
 574    0.39942992    0.51765300    0.96476622    0.99992485    0.99992485
 575    0.40445802    0.52440097    0.96337485    0.99994825    0.99994825
 576    0.40954938    0.53121901    0.96192911    0.99997460    0.99997460
 577    0.41470477    0.53810624    0.96042697    1.00000415    1.00000415
 578    0.41992501    0.54506166    0.95886636    1.00003717    1.00003717
 579    0.42521092    0.55208411    0.95724514    1.00007394    1.00007394
 580    0.43056331    0.55917231    0.95556111    1.00011477    1.00011477
 581    0.43598303    0.56632482    0.95381199    1.00015998    1.00015998
 582    0.44147091    0.57354006    0.95199546    1.00020992    1.00020992
 583    0.44702783    0.58081628    0.95010910    1.00026494    1.00026494
 584    0.45265465    0.58815157    0.94815047    1.00032543    1.00032543
 585    0.45835224    0.59554382    0.94611704    1.00039178    1.00039178
 586    0.46412150    0.60299075    0.94400621    1.00046443    1.00046443
 587    0.46996333    0.61048991    0.94181533    1.00054380    1.00054380
 588    0.47587863    0.61803862    0.93954170    1.00063037    1.00063037
 589    0.48186835    0.62563402    0.93718254    1.00072461    1.00072461
 590    0.48793340    0.63327301    0.93473501    1.00082703    1.00082703
 591    0.49407475    0.64095229    0.93219622    1.00093813    1.00093813
 592    0.50029334    0.64866833    0.92956323    1.00105847    1.00105847
 593    0.50659015    0.65641737    0.92683304    1.00118858    1.00118858
 594    0.51296617    0.66419540    0.92400261    1.00132903    1.00132903
 595    0.51942239    0.67199817    0.92106884    1.00148041    1.00148041
 596    0.52595981    0.67982117    0.91802860    1.00164329    1.00164329
 597    0.53257947    0.68765964    0.91487872    1.00181826    1.00181826
 598    0.53928239    0.69550856    0.91161600    1.00200593    1.00200593
 599    0.54606963    0.70336263    0.90823719    1.00220689    1.00220689
 600    0.55294224    0.71121628    0.90473906    1.00242172    1.00242172
 601    0.55990129    0.71906368    0.90111833    1.00265100    1.00265100
 602    0.56694788    0.72689869    0.89737172    1.00289530    1.00289530
 603    0.57408310    0.73471492    0.89349596    1.00315515    1.00315515
 604    0.58130808    0.74250567    0.88948778    1.00343106    1.00343106
 605    0.58862393    0.75026397    0.88534392    1.00372350    1.00372350
 606    0.59603180    0.75798256    0.88106116    1.00403288    1.00403288
 607    0.60353286    0.76565388    0.87663631    1.00435958    1.00435958
 608    0.61112826    0.77327012    0.87206622    1.00470388    1.00470388
 609    0.61881921    0.78082315    0.86734780    1.00506601    1.00506601
 610    0.62660689    0.78830458    0.86247803    1.00544607    1.00544607
 611    0.63449254    0.79570576    0.85745399    1.00584409    1.00584409
 612    0.64247737    0.80301774    0.85227282    1.00625995    1.00625995
 613    0.65056263    0.81023133    0.84693181    1.00669340    1.00669340
 614    0.65874960    0.81733709    0.84142833    1.00714403    1.00714403
 615    0.66703955    0.82432532    0.83575993    1.00761126    1.00761126
 616    0.67543377    0.83118609    0.82992429    1.00809430    1.00809430
 617    0.68393358    0.83790927    0.82391927    1.00859215    1.00859215
 618    0.69254030    0.84448448    0.81774291    1.00910356    1.00910356
 619    0.70125528    0.85090119    0.81139345    1.00962703    1.00962703
 620    0.71007989    0.85714868    0.80486938    1.01016074    1.01016074
 621    0.71901549    0.86321606    0.79816938    1.01070258    1.01070258
 622    0.72806349    0.86909232    0.79129243    1.01125006    1.01125006
 623    0.73722530    0.87476633    0.78423776    1.01180034    1.01180034
 624    0.74650235    0.88022687    0.77700489    1.01235011    1.01235011
 625    0.75589609    0.88546267    0.76959366    1.01289569    1.01289569
 626    0.76540799    0.89046241    0.76200421    1.01343289    1.01343289
 627    0.77503953    0.89521476    0.75423706    1.01395696    1.01395696
 628    0.78479223    0.89970844    0.74629305    1.01446264    1.01446264
 629    0.79466760    0.90393223    0.73817341    1.01494402    1.01494402
 630    0.80466718    0.90787501    0.72987976    1.01539459    1.01539459
 631    0.81479255    0.91152582    0.72141412    1.01580713    1.01580713
 632    0.82504527    0.91487388    0.71277890    1.01617368    1.01617368
 633    0.83542696    0.91790865    0.70397696    1.01648553    1.01648553
 634    0.84593924    0.92061991    0.69501157    1.01673313    1.01673313
 635    0.85658374    0.92299776    0.68588646    1.01690607    1.01690607
 636    0.86736213    0.92503271    0.67660578    1.01699303    1.01699303
 637    0.87827610    0.92671575    0.66717414    1.01698174    1.01698174
 638    0.88932735    0.92803838    0.65759658    1.01685897    1.01685897
 639    0.90051761    0.92899273    0.64787860    1.01661047    1.01661047
 640    0.91184863    0.92957156    0.63802611    1.01622097    1.01622097
 641    0.92332217    0.92976841    0.62804546    1.01567419    1.01567419
 642    0.93494003    0.92957760    0.61794342    1.01495281    1.01495281
 643    0.94670402    0.92899435    0.60772715    1.01403855    1.01403855
 644    0.95861599    0.92801484    0.59740418    1.01291218    1.01291218
 645    0.97067779    0.92663626    0.58698239    1.01155361    1.01155361
 646    0.98289132    0.92485692    0.57647000    1.00994202    1.00994202
 647    0.99525846    0.92267626    0.56587551    1.00805596    1.00805596
 648    1.00778117    0.92009495    0.55520771    1.00587356    1.00587356
 649    1.02046140    0.91711491    0.54447558    1.00337277    1.00337277
 650    1.03330112    0.91373933    0.53368830    1.00053156    1.00053156
 651    1.04630234    0.90997274    0.52285521    0.99732829    0.99732829
 652    1.05946710    0.90582094    0.51198572    0.99374204    0.99374204
 653    1.07279746    0.90129106    0.50108931    0.98975303    0.98975303
 654    1.08629548    0.89639145    0.49017548    0.98534304    0.98534304
 655    1.09996330    0.89113167    0.47925368    0.98049586    0.98049586
 656    1.11380303    0.88552236    0.46833328    0.97519787    0.97519787
 657    1.12781684    0.87957514    0.45742356    0.96943845    0.96943845
 658    1.14200693    0.87330248    0.44653361    0.96321058    0.96321058
 659    1.15637551    0.86671745    0.43567235    0.95651127    0.95651127
 660    1.17092482    0.85983360    0.42484847    0.94934203    0.94934203
 661    1.18565714    0.85266467    0.41407045    0.94170929    0.94170929
 662    1.20057476    0.84522430    0.40334649    0.93362467    0.93362467
 663    1.21568003    0.83752580    0.39268454    0.92510521    0.92510521
 664    1.23097530    0.82958180    0.38209232    0.91617345    0.91617345
 665    1.24646296    0.82140394    0.37157728    0.90685733    0.90685733
 666    1.26214543    0.81300255    0.36114667    0.89718912    0.89718912
 667    1.27802517    0.80438642    0.35080753    0.88719649    0.88719649
 668    1.29410464    0.79556353    0.34056675    0.87689363    0.87689363
 669    1.31038637    0.78654193    0.33043100    0.86628757    0.86628757
 670    1.32687290    0.77732978    0.32040677    0.85538560    0.85538560
 671    1.34356680    0.76793533    0.31050030    0.84419563    0.84419563
 672    1.36047069    0.75836692    0.30071764    0.83272615    0.83272615
 673    1.37758720    0.74863296    0.29106459    0.82098627    0.82098627
 674    1.39491901    0.73874194    0.28154669    0.80898572    0.80898572
 675    1.41246883    0.72870238    0.27216925    0.79673477    0.79673477
 676    1.43023940    0.71852287    0.26293729    0.78424423    0.78424423
 677    1.44823350    0.70821202    0.25385557    0.77152542    0.77152542
 678    1.46645393    0.69777847    0.24492857    0.75859013    0.75859013
 679    1.48490355    0.68723089    0.23616050    0.74545066    0.74545066
 680    1.50358523    0.67657793    0.22755525    0.73211970    0.73211970
 681    1.52250190    0.66582824    0.21911645    0.71861033    0.71861033
 682    1.54165651    0.65499047    0.21084742    0.70493604    0.70493604
 683    1.56105206    0.64407325    0.20275116    0.69111060    0.69111060
 684    1.58069158    0.63308514    0.19483041    0.67714811    0.67714811
 685    1.60057813    0.62203471    0.18708757    0.66306291    0.66306291
 686    1.62071482    0.61093043    0.17952476    0.64886958    0.64886958
 687    1.64110480    0.59978075    0.17214379    0.63458288    0.63458288
 688    1.66175126    0.58859403    0.16494618    0.62021771    0.62021771
 689    1.68265741    0.57737856    0.15793313    0.60578910    0.60578910
 690    1.70382653    0.56614254    0.15110556    0.59131214    0.59131214
 691    1.72526193    0.55489408    0.14446411    0.57680197    0.57680197
 692    1.74696695    0.54364119    0.13800910    0.56227372    0.56227372
 693    1.76894499    0.53239178    0.13174061    0.54774248    0.54774248
 694    1.79119947    0.52115361    0.12565841    0.53322327    0.53322327
 695    1.81373389    0.50993437    0.11976202    0.51873101    0.51873101
 696    1.83655175    0.49874158    0.11405069    0.50428046    0.50428046
 697    1.85965662    0.48758263    0.10852340    0.48988620    0.48988620
 698    1.88305212    0.47646477    0.10317893    0.47556260    0.47556260
 699    1.90674190    0.46539511    0.09801576    0.46132376    0.46132376
 700    1.93072965    0.45438058    0.09303219    0.44718354    0.44718354
 701    1.95501914    0.44342796    0.08822627    0.43315545    0.43315545
 702    1.97961415    0.43254387    0.08359587    0.41925266    0.41925266
 703    2.00451853    0.42173473    0.07913863    0.40548800    0.40548800
 704    2.02973617    0.41100681    0.07485202    0.39187387    0.39187387
 705    2.05527100    0.40036618    0.07073333    0.37842225    0.37842225
 706    2.08112703    0.38981870    0.06677968    0.36514468    0.36514468
 707    2.10730828    0.37937006    0.06298803    0.35205223    0.35205223
 708    2.13381885    0.36902574    0.05935521    0.33915547    0.33915547
 709    2.16066289    0.35879101    0.05587790    0.32646445    0.32646445
 710    2.18784458    0.34867094    0.05255269    0.31398871    0.31398871
 711    2.21536817    0.33867036    0.04937603    0.30173721    0.30173721
 712    2.24323797    0.32879391    0.04634428    0.28971837    0.28971837
 713    2.27145833    0.31904598    0.04345373    0.27794004    0.27794004
 714    2.30003365    0.30943076    0.04070058    0.26640945    0.26640945
 715    2.32896841    0.29995218    0.03808098    0.25513325    0.25513325
 716    2.35826713    0.29061395    0.03559102    0.24411749    0.24411749
 717    2.38793437    0.28141955    0.03322675    0.23336759    0.23336759
 718    2.41797479    0.27237221    0.03098419    0.22288836    0.22288836
 719    2.44839306    0.26347492    0.02885936    0.21268400    0.21268400
 720    2.47919395    0.25473042    0.02684825    0.20275806    0.20275806
 721    2.51038227    0.24614121    0.02494685    0.19311350    0.19311350
 722    2.54196289    0.23770955    0.02315119    0.18375265    0.18375265
 723    2.57394074    0.22943743    0.02145728    0.17467722    0.17467722
 724    2.60632083    0.22132662    0.01986119    0.16588832    0.16588832
 725    2.63910821    0.21337862    0.01835902    0.15738649    0.15738649
 726    2.67230800    0.20559469    0.01694690    0.14917164    0.14917164
 727    2.70592539    0.19797584    0.01562104    0.14124315    0.14124315
 728    2.73996564    0.19052283    0.01437767    0.13359983    0.13359983
 729    2.77443407    0.18323620    0.01321313    0.12623994    0.12623994
 730    2.80933605    0.17611622    0.01212380    0.11916124    0.11916124
 731    2.84467704    0.16916294    0.01110614    0.11236098    0.11236098
 732    2.88046257    0.16237616    0.01015671    0.10583594    0.10583594
 733    2.91669823    0.15575545    0.00927214    0.09958246    0.09958246
 734    2.95338967    0.14930016    0.00844914    0.09359642    0.09359642
 735    2.99054264    0.14300940    0.00768454    0.08787335    0.08787335
 736    3.02816293    0.13688209    0.00697525    0.08240836    0.08240836
 737    3.06625643    0.13091689    0.00631826    0.07719625    0.07719625
 738    3.10482909    0.12511227    0.00571070    0.07223150    0.07223150
 739    3.14388693    0.11946651    0.00514977    0.06750831    0.06750831
 740    3.18343605    0.11397765    0.00463277    0.06302061    0.06302061
 741    3.22348265    0.10864355    0.00415712    0.05876212    0.05876212
 742    3.26403296    0.10346188    0.00372034    0.05472637    0.05472637
 743    3.30509334    0.09843010    0.00332004    0.05090673    0.05090673
 744    3.34667019    0.09354550    0.00295393    0.04729641    0.04729641
 745    3.38877002    0.08880518    0.00261983    0.04388855    0.04388855
 746    3.43139940    0.08420605    0.00231567    0.04067619    0.04067619
 747    3.47456499    0.07974484    0.00203945    0.03765232    0.03765232
 748    3.51827353    0.07541811    0.00178928    0.03480984    0.03480984
 749    3.56253186    0.07122226    0.00156337    0.03214147    0.03214147
 750    3.60734689    0.06715356    0.00136001    0.02963938    0.02963938
 751    3.65272563    0.06320831    0.00117757    0.02729499    0.02729499
 752    3.69867516    0.05938298    0.00101452    0.02509883    0.02509883
 753    3.74520266    0.05567447    0.00086940    0.02304070    0.02304070
 754    3.79231541    0.05208031    0.00074082    0.02111018    0.02111018
 755    3.84002076    0.04859880    0.00062744    0.01929706    0.01929706
 756    3.88832617    0.04522919    0.00052800    0.01759191    0.01759191
 757    3.93723919    0.04197163    0.00044130    0.01598646    0.01598646
 758    3.98676746    0.03882718    0.00036616    0.01447384    0.01447384
 759    4.03691872    0.03579770    0.00030149    0.01304868    0.01304868
 760    4.08770081    0.03288568    0.00024623    0.01170712    0.01170712
 761    4.13912165    0.03009412    0.00019937    0.01044660    0.01044660
 762    4.19118929    0.02742626    0.00015996    0.00926566    0.00926566
 763    4.24391186    0.02488544    0.00012710    0.00816370    0.00816370
 764    4.29729760    0.02247485    0.00009997    0.00714062    0.00714062
 765    4.35135484    0.02019737    0.00007778    0.00619652    0.00619652
 766    4.40609205    0.01805540    0.00005982    0.00533145    0.00533145
 767    4.46151776    0.01605068    0.00004545    0.00454511    0.00454511
 768    4.51764064    0.01418417    0.00003409    0.00383666    0.00383666
 769    4.57446946    0.01245599    0.00002522    0.00320458    0.00320458
 770    4.63201310    0.01086533    0.00001838    0.00264657    0.00264657
 771    4.69028055    0.00941038    0.00001319    0.00215952    0.00215952
 772    4.74928091    0.00808841    0.00000931    0.00173955    0.00173955
 773    4.80902341    0.00689568    0.00000645    0.00138212    0.00138212
 774    4.86951738    0.00582761    0.00000438    0.00108210    0.00108210
 775    4.93077226    0.00487876    0.00000291    0.00083395    0.00083395
 776    4.99279764    0.00404293    0.00000189    0.00063192    0.00063192
 777    5.05560320    0.00331334    0.00000120    0.00047017    0.00047017
 778    5.11919876    0.00268266    0.00000074    0.00034298    0.00034298
 779    5.18359425    0.00214319    0.00000044    0.00024488    0.00024488
 780    5.24879974    0.00168698    0.00000025    0.00017078    0.00017078
 781    5.31482541    0.00130598    0.00000014    0.00011606    0.00011606
 782    5.38168158    0.00099212    0.00000007    0.00007663    0.00007663
 783    5.44937870    0.00073750    0.00000004    0.00004899    0.00004899
 784    5.51792734    0.00053444    0.00000002    0.00003020    0.00003020
 785    5.58733822    0.00037564    0.00000001    0.00001785    0.00001785
 786    5.65762218    0.00025421    0.00000000    0.00001004    0.00001004
 787    5.72879020    0.00016375    0.00000000    0.00000534    0.00000534
 788    5.80085341    0.00009839    0.00000000    0.00000265    0.00000265
 789    5.87382306    0.00005276    0.00000000    0.00000123    0.00000123
 790    5.94771056    0.00002182    0.00000000    0.00000056    0.00000056
 791    6.02252744    0.00000000    0.00000000    0.00000056    0.00000056
