   1    0.00000000    0.00000000    1.00000000    1.00000000    1.00000000
   2    0.00000156    0.00000037    1.00000000    1.00000000    1.00000000
   3    0.00000314    0.00000074    1.00000000    1.00000000    1.00000000
   4    0.00000474    0.00000111    1.00000000    1.00000000    1.00000000
   5    0.00000635    0.00000150    1.00000000    1.00000000    1.00000000
   6    0.00000799    0.00000188    1.00000000    1.00000000    1.00000000
   7    0.00000965    0.00000227    1.00000000    1.00000000    1.00000000
   8    0.00001133    0.00000267    1.00000000    1.00000000    1.00000000
   9    0.00001303    0.00000307    1.00000000    1.00000000    1.00000000
  10    0.00001476    0.00000347    1.00000000    1.00000000    1.00000000
  11    0.00001650    0.00000388    1.00000000    1.00000000    1.00000000
  12    0.00001827    0.00000430    1.00000000    1.00000000    1.00000000
  13    0.00002006    0.00000472    1.00000000    1.00000000    1.00000000
  14    0.00002187    0.00000515    1.00000000    1.00000000    1.00000000
  15    0.00002370    0.00000558    1.00000000    1.00000000    1.00000000
  16    0.00002556    0.00000602    1.00000000    1.00000000    1.00000000
  17    0.00002744    0.00000646    1.00000000    1.00000000    1.00000000
  18    0.00002934    0.00000691    1.00000000    1.00000000    1.00000000
  19    0.00003127    0.00000736    1.00000000    1.00000000    1.00000000
  20    0.00003322    0.00000782    1.00000000    1.00000000    1.00000000
  21    0.00003520    0.00000828    1.00000000    1.00000000    1.00000000
  22    0.00003720    0.00000876    1.00000000    1.00000000    1.00000000
  23    0.00003923    0.00000923    1.00000000    1.00000000    1.00000000
  24    0.00004128    0.00000972    1.00000000    1.00000000    1.00000000
  25    0.00004336    0.00001020    1.00000000    1.00000000    1.00000000
  26    0.00004547    0.00001070    1.00000000    1.00000000    1.00000000
  27    0.00004760    0.00001120    1.00000000    1.00000000    1.00000000
  28    0.00004975    0.00001171    1.00000000    1.00000000    1.00000000
  29    0.00005194    0.00001222    1.00000000    1.00000000    1.00000000
  30    0.00005415    0.00001274    1.00000000    1.00000000    1.00000000
  31    0.00005639    0.00001327    1.00000000    1.00000000    1.00000000
  32    0.00005866    0.00001380    1.00000000    1.00000000    1.00000000
  33    0.00006096    0.00001435    1.00000000    1.00000000    1.00000000
  34    0.00006328    0.00001489    1.00000000    1.00000000    1.00000000
  35    0.00006564    0.00001545    1.00000000    1.00000000    1.00000000
  36    0.00006802    0.00001601    1.00000000    1.00000000    1.00000000
  37    0.00007044    0.00001658    1.00000000    1.00000000    1.00000000
  38    0.00007288    0.00001715    1.00000000    1.00000000    1.00000000
  39    0.00007536    0.00001773    1.00000000    1.00000000    1.00000000
  40    0.00007786    0.00001832    1.00000000    1.00000000    1.00000000
  41    0.00008040    0.00001892    1.00000000    1.00000000    1.00000000
  42    0.00008297    0.00001953    1.00000000    1.00000000    1.00000000
  43    0.00008557    0.00002014    1.00000000    1.00000000    1.00000000
  44    0.00008821    0.00002076    1.00000000    1.00000000    1.00000000
  45    0.00009088    0.00002139    1.00000000    1.00000000    1.00000000
  46    0.00009358    0.00002202    1.00000000    1.00000000    1.00000000
  47    0.00009632    0.00002267    1.00000000    1.00000000    1.00000000
  48    0.00009909    0.00002332    1.00000000    1.00000000    1.00000000
  49    0.00010189    0.00002398    1.00000000    1.00000000    1.00000000
  50    0.00010473    0.00002465    1.00000000    1.00000000    1.00000000
  51    0.00010761    0.00002532    1.00000000    1.00000000    1.00000000
  52    0.00011052    0.00002601    1.00000000    1.00000000    1.00000000
  53    0.00011347    0.00002670    1.00000000    1.00000000    1.00000000
  54    0.00011646    0.00002741    1.00000000    1.00000000    1.00000000
  55    0.00011948    0.00002812    1.00000000    1.00000000    1.00000000
  56    0.00012254    0.00002884    1.00000000    1.00000000    1.00000000
  57    0.00012564    0.00002957    1.00000000    1.00000000    1.00000000
  58    0.00012878    0.00003031    1.00000000    1.00000000    1.00000000
  59    0.00013196    0.00003106    1.00000000    1.00000000    1.00000000
  60    0.00013518    0.00003181    1.00000000    1.00000000    1.00000000
  61    0.00013844    0.00003258    1.00000000    1.00000000    1.00000000
  62    0.00014174    0.00003336    1.00000000    1.00000000    1.00000000
  63    0.00014508    0.00003414    1.00000000    1.00000000    1.00000000
  64    0.00014846    0.00003494    1.00000000    1.00000000    1.00000000
  65    0.00015189    0.00003575    1.00000000    1.00000000    1.00000000
  66    0.00015536    0.00003656    1.00000000    1.00000000    1.00000000
  67    0.00015887    0.00003739    1.00000000    1.00000000    1.00000000
  68    0.00016243    0.00003823    1.00000000    1.00000000    1.00000000
  69    0.00016603    0.00003907    1.00000000    1.00000000    1.00000000
  70    0.00016968    0.00003993    1.00000000    1.00000000    1.00000000
  71    0.00017337    0.00004080    1.00000000    1.00000000    1.00000000
  72    0.00017711    0.00004168    1.00000000    1.00000000    1.00000000
  73    0.00018090    0.00004257    1.00000000    1.00000000    1.00000000
  74    0.00018473    0.00004347    1.00000000    1.00000000    1.00000000
  75    0.00018862    0.00004439    1.00000000    1.00000000    1.00000000
  76    0.00019255    0.00004531    1.00000000    1.00000000    1.00000000
  77    0.00019653    0.00004625    1.00000000    1.00000000    1.00000000
  78    0.00020056    0.00004720    1.00000000    1.00000000    1.00000000
  79    0.00020464    0.00004816    1.00000000    1.00000000    1.00000000
  80    0.00020877    0.00004913    1.00000000    1.00000000    1.00000000
  81    0.00021296    0.00005012    1.00000000    1.00000000    1.00000000
  82    0.00021720    0.00005111    1.00000000    1.00000000    1.00000000
  83    0.00022149    0.00005212    1.00000000    1.00000000    1.00000000
  84    0.00022583    0.00005315    1.00000000    1.00000000    1.00000000
  85    0.00023023    0.00005418    1.00000000    1.00000000    1.00000000
  86    0.00023469    0.00005523    1.00000000    1.00000000    1.00000000
  87    0.00023920    0.00005629    1.00000000    1.00000000    1.00000000
  88    0.00024377    0.00005737    1.00000000    1.00000000    1.00000000
  89    0.00024839    0.00005846    1.00000000    1.00000000    1.00000000
  90    0.00025307    0.00005956    1.00000000    1.00000000    1.00000000
  91    0.00025782    0.00006067    1.00000000    1.00000000    1.00000000
  92    0.00026262    0.00006180    1.00000000    1.00000000    1.00000000
  93    0.00026748    0.00006295    1.00000000    1.00000000    1.00000000
  94    0.00027240    0.00006411    1.00000000    1.00000000    1.00000000
  95    0.00027739    0.00006528    1.00000000    1.00000000    1.00000000
  96    0.00028244    0.00006647    1.00000000    1.00000000    1.00000000
  97    0.00028755    0.00006767    1.00000000    1.00000000    1.00000000
  98    0.00029273    0.00006889    1.00000000    1.00000000    1.00000000
  99    0.00029797    0.00007012    1.00000000    1.00000000    1.00000000
 100    0.00030327    0.00007137    1.00000000    1.00000000    1.00000000
 101    0.00030865    0.00007264    1.00000000    1.00000000    1.00000000
 102    0.00031409    0.00007392    1.00000000    1.00000000    1.00000000
 103    0.00031960    0.00007521    1.00000000    1.00000000    1.00000000
 104    0.00032518    0.00007653    1.00000000    1.00000000    1.00000000
 105    0.00033083    0.00007786    1.00000000    1.00000000    1.00000000
 106    0.00033655    0.00007920    1.00000000    1.00000000    1.00000000
 107    0.00034234    0.00008057    1.00000000    1.00000000    1.00000000
 108    0.00034820    0.00008195    1.00000000    1.00000000    1.00000000
 109    0.00035414    0.00008334    1.00000000    1.00000000    1.00000000
 110    0.00036016    0.00008476    1.00000000    1.00000000    1.00000000
 111    0.00036625    0.00008619    1.00000000    1.00000000    1.00000000
 112    0.00037241    0.00008764    1.00000000    1.00000000    1.00000000
 113    0.00037865    0.00008911    1.00000000    1.00000000    1.00000000
 114    0.00038498    0.00009060    1.00000000    1.00000000    1.00000000
 115    0.00039138    0.00009211    1.00000000    1.00000000    1.00000000
 116    0.00039786    0.00009363    1.00000000    1.00000000    1.00000000
 117    0.00040442    0.00009518    1.00000000    1.00000000    1.00000000
 118    0.00041107    0.00009674    1.00000000    1.00000000    1.00000000
 119    0.00041780    0.00009832    1.00000000    1.00000000    1.00000000
 120    0.00042461    0.00009993    1.00000000    1.00000000    1.00000000
 121    0.00043151    0.00010155    1.00000000    1.00000000    1.00000000
 122    0.00043850    0.00010320    1.00000000    1.00000000    1.00000000
 123    0.00044557    0.00010486    1.00000000    1.00000000    1.00000000
 124    0.00045274    0.00010655    1.00000000    1.00000000    1.00000000
 125    0.00045999    0.00010825    1.00000000    1.00000000    1.00000000
 126    0.00046734    0.00010998    1.00000000    1.00000000    1.00000000
 127    0.00047477    0.00011173    1.00000000    1.00000000    1.00000000
 128    0.00048230    0.00011350    1.00000000    1.00000000    1.00000000
 129    0.00048993    0.00011530    1.00000000    1.00000000    1.00000000
 130    0.00049765    0.00011712    1.00000000    1.00000000    1.00000000
 131    0.00050547    0.00011896    1.00000000    1.00000000    1.00000000
 132    0.00051339    0.00012082    1.00000000    1.00000000    1.00000000
 133    0.00052140    0.00012271    1.00000000    1.00000000    1.00000000
 134    0.00052952    0.00012462    1.00000000    1.00000000    1.00000000
 135    0.00053774    0.00012655    1.00000000    1.00000000    1.00000000
 136    0.00054606    0.00012851    1.00000000    1.00000000    1.00000000
 137    0.00055449    0.00013049    1.00000000    1.00000000    1.00000000
 138    0.00056302    0.00013250    1.00000000    1.00000000    1.00000000
 139    0.00057166    0.00013453    1.00000000    1.00000000    1.00000000
 140    0.00058041    0.00013659    1.00000000    1.00000000    1.00000000
 141    0.00058927    0.00013868    1.00000000    1.00000000    1.00000000
 142    0.00059825    0.00014079    1.00000000    1.00000000    1.00000000
 143    0.00060733    0.00014293    1.00000000    1.00000000    1.00000000
 144    0.00061653    0.00014509    1.00000000    1.00000000    1.00000000
 145    0.00062584    0.00014728    1.00000000    1.00000000    1.00000000
 146    0.00063527    0.00014950    1.00000000    1.00000000    1.00000000
 147    0.00064482    0.00015175    1.00000000    1.00000000    1.00000000
 148    0.00065449    0.00015403    1.00000000    1.00000000    1.00000000
 149    0.00066428    0.00015633    1.00000000    1.00000000    1.00000000
 150    0.00067420    0.00015866    1.00000000    1.00000000    1.00000000
 151    0.00068424    0.00016103    1.00000000    1.00000000    1.00000000
 152    0.00069440    0.00016342    1.00000000    1.00000000    1.00000000
 153    0.00070470    0.00016584    1.00000000    1.00000000    1.00000000
 154    0.00071512    0.00016829    1.00000000    1.00000000    1.00000000
 155    0.00072567    0.00017078    1.00000000    1.00000000    1.00000000
 156    0.00073636    0.00017329    1.00000000    1.00000000    1.00000000
 157    0.00074718    0.00017584    1.00000000    1.00000000    1.00000000
 158    0.00075814    0.00017842    1.00000000    1.00000000    1.00000000
 159    0.00076923    0.00018103    1.00000000    1.00000000    1.00000000
 160    0.00078047    0.00018367    1.00000000    1.00000000    1.00000000
 161    0.00079184    0.00018635    1.00000000    1.00000000    1.00000000
 162    0.00080336    0.00018906    1.00000000    1.00000000    1.00000000
 163    0.00081503    0.00019181    1.00000000    1.00000000    1.00000000
 164    0.00082684    0.00019459    1.00000000    1.00000000    1.00000000
 165    0.00083880    0.00019740    1.00000000    1.00000000    1.00000000
 166    0.00085091    0.00020025    1.00000000    1.00000000    1.00000000
 167    0.00086317    0.00020314    1.00000000    1.00000000    1.00000000
 168    0.00087559    0.00020606    1.00000000    1.00000000    1.00000000
 169    0.00088816    0.00020902    1.00000000    1.00000000    1.00000000
 170    0.00090089    0.00021201    1.00000000    1.00000000    1.00000000
 171    0.00091378    0.00021505    1.00000000    1.00000000    1.00000000
 172    0.00092683    0.00021812    1.00000000    1.00000000    1.00000000
 173    0.00094005    0.00022123    1.00000000    1.00000000    1.00000000
 174    0.00095343    0.00022438    1.00000000    1.00000000    1.00000000
 175    0.00096698    0.00022757    1.00000000    1.00000000    1.00000000
 176    0.00098071    0.00023080    1.00000000    1.00000000    1.00000000
 177    0.00099460    0.00023407    1.00000000    1.00000000    1.00000000
 178    0.00100867    0.00023738    1.00000000    1.00000000    1.00000000
 179    0.00102292    0.00024073    1.00000000    1.00000000    1.00000000
 180    0.00103734    0.00024413    1.00000000    1.00000000    1.00000000
 181    0.00105195    0.00024756    1.00000000    1.00000000    1.00000000
 182    0.00106674    0.00025105    1.00000000    1.00000000    1.00000000
 183    0.00108172    0.00025457    1.00000000    1.00000000    1.00000000
 184    0.00109688    0.00025814    1.00000000    1.00000000    1.00000000
 185    0.00111224    0.00026175    1.00000000    1.00000000    1.00000000
 186    0.00112779    0.00026541    1.00000000    1.00000000    1.00000000
 187    0.00114353    0.00026912    1.00000000    1.00000000    1.00000000
 188    0.00115948    0.00027287    1.00000000    1.00000000    1.00000000
 189    0.00117562    0.00027667    1.00000000    1.00000000    1.00000000
 190    0.00119197    0.00028052    1.00000000    1.00000000    1.00000000
 191    0.00120852    0.00028441    1.00000000    1.00000000    1.00000000
 192    0.00122528    0.00028836    1.00000000    1.00000000    1.00000000
 193    0.00124225    0.00029235    1.00000000    1.00000000    1.00000000
 194    0.00125943    0.00029639    1.00000000    1.00000000    1.00000000
 195    0.00127683    0.00030049    1.00000000    1.00000000    1.00000000
 196    0.00129445    0.00030464    1.00000000    1.00000000    1.00000000
 197    0.00131229    0.00030883    1.00000000    1.00000000    1.00000000
 198    0.00133036    0.00031309    1.00000000    1.00000000    1.00000000
 199    0.00134865    0.00031739    1.00000000    1.00000000    1.00000000
 200    0.00136718    0.00032175    1.00000000    1.00000000    1.00000000
 201    0.00138593    0.00032616    1.00000000    1.00000000    1.00000000
 202    0.00140492    0.00033063    1.00000000    1.00000000    1.00000000
 203    0.00142415    0.00033516    1.00000000    1.00000000    1.00000000
 204    0.00144363    0.00033974    1.00000000    1.00000000    1.00000000
 205    0.00146334    0.00034438    1.00000000    1.00000000    1.00000000
 206    0.00148331    0.00034908    1.00000000    1.00000000    1.00000000
 207    0.00150353    0.00035384    1.00000000    1.00000000    1.00000000
 208    0.00152400    0.00035866    1.00000000    1.00000000    1.00000000
 209    0.00154473    0.00036354    1.00000000    1.00000000    1.00000000
 210    0.00156572    0.00036848    1.00000000    1.00000000    1.00000000
 211    0.00158697    0.00037348    1.00000000    1.00000000    1.00000000
 212    0.00160849    0.00037854    1.00000000    1.00000000    1.00000000
 213    0.00163028    0.00038367    1.00000000    1.00000000    1.00000000
 214    0.00165235    0.00038886    1.00000000    1.00000000    1.00000000
 215    0.00167469    0.00039412    1.00000000    1.00000000    1.00000000
 216    0.00169731    0.00039945    1.00000000    1.00000000    1.00000000
 217    0.00172022    0.00040484    1.00000000    1.00000000    1.00000000
 218    0.00174342    0.00041030    1.00000000    1.00000000    1.00000000
 219    0.00176691    0.00041583    1.00000000    1.00000000    1.00000000
 220    0.00179069    0.00042142    1.00000000    1.00000000    1.00000000
 221    0.00181477    0.00042709    1.00000000    1.00000000    1.00000000
 222    0.00183916    0.00043283    1.00000000    1.00000000    1.00000000
 223    0.00186385    0.00043864    1.00000000    1.00000000    1.00000000
 224    0.00188885    0.00044453    1.00000000    1.00000000    1.00000000
 225    0.00191417    0.00045048    1.00000000    1.00000000    1.00000000
 226    0.00193981    0.00045652    1.00000000    1.00000000    1.00000000
 227    0.00196577    0.00046263    1.00000000    1.00000000    1.00000000
 228    0.00199205    0.00046881    1.00000000    1.00000000    1.00000000
 229    0.00201867    0.00047508    1.00000000    1.00000000    1.00000000
 230    0.00204562    0.00048142    1.00000000    1.00000000    1.00000000
 231    0.00207291    0.00048784    1.00000000    1.00000000    1.00000000
 232    0.00210054    0.00049435    1.00000000    1.00000000    1.00000000
 233    0.00212852    0.00050093    1.00000000    1.00000000    1.00000000
 234    0.00215685    0.00050760    1.00000000    1.00000000    1.00000000
 235    0.00218554    0.00051435    1.00000000    1.00000000    1.00000000
 236    0.00221459    0.00052119    1.00000000    1.00000000    1.00000000
 237    0.00224401    0.00052811    1.00000000    1.00000000    1.00000000
 238    0.00227379    0.00053512    1.00000000    1.00000000    1.00000000
 239    0.00230395    0.00054222    1.00000000    1.00000000    1.00000000
 240    0.00233449    0.00054941    1.00000000    1.00000000    1.00000000
 241    0.00236542    0.00055669    1.00000000    1.00000000    1.00000000
 242    0.00239673    0.00056406    1.00000000    1.00000000    1.00000000
 243    0.00242843    0.00057152    1.00000000    1.00000000    1.00000000
 244    0.00246054    0.00057907    1.00000000    1.00000000    1.00000000
 245    0.00249305    0.00058673    1.00000000    1.00000000    1.00000000
 246    0.00252597    0.00059447    1.00000000    1.00000000    1.00000000
 247    0.00255930    0.00060232    1.00000000    1.00000000    1.00000000
 248    0.00259305    0.00061026    1.00000000    1.00000000    1.00000000
 249    0.00262722    0.00061831    1.00000000    1.00000000    1.00000000
 250    0.00266183    0.00062645    1.00000000    1.00000000    1.00000000
 251    0.00269687    0.00063470    1.00000000    1.00000000    1.00000000
 252    0.00273235    0.00064305    1.00000000    1.00000000    1.00000000
 253    0.00276828    0.00065150    1.00000000    1.00000000    1.00000000
 254    0.00280466    0.00066007    1.00000000    1.00000000    1.00000000
 255    0.00284150    0.00066874    1.00000000    1.00000000    1.00000000
 256    0.00287880    0.00067752    1.00000000    1.00000000    1.00000000
 257    0.00291657    0.00068641    1.00000000    1.00000000    1.00000000
 258    0.00295481    0.00069541    1.00000000    1.00000000    1.00000000
 259    0.00299354    0.00070452    1.00000000    1.00000000    1.00000000
 260    0.00303275    0.00071375    1.00000000    1.00000000    1.00000000
 261    0.00307246    0.00072310    1.00000000    1.00000000    1.00000000
 262    0.00311266    0.00073256    1.00000000    1.00000000    1.00000000
 263    0.00315337    0.00074214    1.00000000    1.00000000    1.00000000
 264    0.00319460    0.00075185    1.00000000    1.00000000    1.00000000
 265    0.00323634    0.00076167    1.00000000    1.00000000    1.00000000
 266    0.00327861    0.00077162    1.00000000    1.00000000    1.00000000
 267    0.00332140    0.00078169    1.00000000    1.00000000    1.00000000
 268    0.00336474    0.00079189    1.00000000    1.00000000    1.00000000
 269    0.00340862    0.00080222    1.00000000    1.00000000    1.00000000
 270    0.00345306    0.00081268    1.00000000    1.00000000    1.00000000
 271    0.00349805    0.00082327    1.00000000    1.00000000    1.00000000
 272    0.00354361    0.00083400    1.00000000    1.00000000    1.00000000
 273    0.00358974    0.00084485    1.00000000    1.00000000    1.00000000
 274    0.00363645    0.00085585    1.00000000    1.00000000    1.00000000
 275    0.00368375    0.00086698    1.00000000    1.00000000    1.00000000
 276    0.00373165    0.00087826    1.00000000    1.00000000    1.00000000
 277    0.00378015    0.00088967    1.00000000    1.00000000    1.00000000
 278    0.00382925    0.00090123    1.00000000    1.00000000    1.00000000
 279    0.00387898    0.00091294    1.00000000    1.00000000    1.00000000
 280    0.00392933    0.00092479    1.00000000    1.00000000    1.00000000
 281    0.00398031    0.00093679    1.00000000    1.00000000    1.00000000
 282    0.00403194    0.00094894    1.00000000    1.00000000    1.00000000
 283    0.00408421    0.00096125    1.00000000    1.00000000    1.00000000
 284    0.00413714    0.00097371    1.00000000    1.00000000    1.00000000
 285    0.00419074    0.00098632    1.00000000    1.00000000    1.00000000
 286    0.00424501    0.00099910    1.00000000    1.00000000    1.00000000
 287    0.00429997    0.00101204    1.00000000    1.00000000    1.00000000
 288    0.00435561    0.00102514    1.00000000    1.00000000    1.00000000
 289    0.00441196    0.00103840    1.00000000    1.00000000    1.00000000
 290    0.00446901    0.00105183    1.00000000    1.00000000    1.00000000
 291    0.00452679    0.00106543    1.00000000    1.00000000    1.00000000
 292    0.00458529    0.00107920    1.00000000    1.00000000    1.00000000
 293    0.00464452    0.00109315    1.00000000    1.00000000    1.00000000
 294    0.00470450    0.00110727    1.00000000    1.00000000    1.00000000
 295    0.00476523    0.00112156    1.00000000    1.00000000    1.00000000
 296    0.00482673    0.00113604    1.00000000    1.00000000    1.00000000
 297    0.00488900    0.00115070    1.00000000    1.00000000    1.00000000
 298    0.00495206    0.00116555    1.00000000    1.00000000    1.00000000
 299    0.00501591    0.00118058    1.00000000    1.00000000    1.00000000
 300    0.00508056    0.00119580    1.00000000    1.00000000    1.00000000
 301    0.00514602    0.00121121    1.00000000    1.00000000    1.00000000
 302    0.00521231    0.00122682    1.00000000    1.00000000    1.00000000
 303    0.00527943    0.00124262    1.00000000    1.00000000    1.00000000
 304    0.00534740    0.00125862    1.00000000    1.00000000    1.00000000
 305    0.00541622    0.00127482    1.00000000    1.00000000    1.00000000
 306    0.00548591    0.00129123    1.00000000    1.00000000    1.00000000
 307    0.00555647    0.00130784    1.00000000    1.00000000    1.00000000
 308    0.00562792    0.00132467    1.00000000    1.00000000    1.00000000
 309    0.00570027    0.00134170    1.00000000    1.00000000    1.00000000
 310    0.00577353    0.00135895    1.00000000    1.00000000    1.00000000
 311    0.00584771    0.00137642    1.00000000    1.00000000    1.00000000
 312    0.00592282    0.00139410    1.00000000    1.00000000    1.00000000
 313    0.00599888    0.00141201    1.00000000    1.00000000    1.00000000
 314    0.00607590    0.00143015    1.00000000    1.00000000    1.00000000
 315    0.00615388    0.00144851    1.00000000    1.00000000    1.00000000
 316    0.00623285    0.00146710    1.00000000    1.00000000    1.00000000
 317    0.00631281    0.00148593    1.00000000    1.00000000    1.00000000
 318    0.00639377    0.00150500    1.00000000    1.00000000    1.00000000
 319    0.00647575    0.00152430    0.99999999    1.00000000    1.00000000
 320    0.00655877    0.00154385    0.99999999    1.00000000    1.00000000
 321    0.00664283    0.00156365    0.99999999    1.00000000    1.00000000
 322    0.00672794    0.00158369    0.99999999    1.00000000    1.00000000
 323    0.00681413    0.00160399    0.99999999    1.00000000    1.00000000
 324    0.00690140    0.00162454    0.99999999    1.00000000    1.00000000
 325    0.00698977    0.00164535    0.99999999    1.00000000    1.00000000
 326    0.00707925    0.00166642    0.99999999    1.00000000    1.00000000
 327    0.00716985    0.00168776    0.99999999    1.00000000    1.00000000
 328    0.00726159    0.00170937    0.99999999    1.00000000    1.00000000
 329    0.00735449    0.00173125    0.99999999    1.00000000    1.00000000
 330    0.00744856    0.00175340    0.99999999    1.00000000    1.00000000
 331    0.00754381    0.00177584    0.99999999    1.00000000    1.00000000
 332    0.00764026    0.00179856    0.99999999    1.00000000    1.00000000
 333    0.00773792    0.00182156    0.99999999    1.00000000    1.00000000
 334    0.00783681    0.00184485    0.99999999    1.00000000    1.00000000
 335    0.00793694    0.00186844    0.99999999    1.00000000    1.00000000
 336    0.00803834    0.00189232    0.99999999    1.00000000    1.00000000
 337    0.00814101    0.00191651    0.99999999    1.00000000    1.00000000
 338    0.00824497    0.00194100    0.99999999    1.00000000    1.00000000
 339    0.00835023    0.00196580    0.99999999    1.00000000    1.00000000
 340    0.00845683    0.00199091    0.99999999    1.00000000    1.00000000
 341    0.00856476    0.00201634    0.99999999    1.00000000    1.00000000
 342    0.00867405    0.00204209    0.99999999    1.00000000    1.00000000
 343    0.00878471    0.00206816    0.99999999    1.00000000    1.00000000
 344    0.00889677    0.00209456    0.99999999    1.00000000    1.00000000
 345    0.00901024    0.00212129    0.99999999    1.00000000    1.00000000
 346    0.00912513    0.00214837    0.99999999    1.00000000    1.00000000
 347    0.00924147    0.00217578    0.99999999    1.00000000    1.00000000
 348    0.00935927    0.00220354    0.99999998    1.00000000    1.00000000
 349    0.00947856    0.00223165    0.99999998    1.00000000    1.00000000
 350    0.00959934    0.00226011    0.99999998    1.00000000    1.00000000
 351    0.00972165    0.00228893    0.99999998    1.00000000    1.00000000
 352    0.00984549    0.00231812    0.99999998    1.00000000    1.00000000
 353    0.00997089    0.00234767    0.99999998    1.00000000    1.00000000
 354    0.01009787    0.00237760    0.99999998    1.00000000    1.00000000
 355    0.01022644    0.00240790    0.99999998    1.00000000    1.00000000
 356    0.01035663    0.00243859    0.99999998    1.00000000    1.00000000
 357    0.01048846    0.00246966    0.99999998    1.00000000    1.00000000
 358    0.01062195    0.00250113    0.99999998    1.00000000    1.00000000
 359    0.01075712    0.00253299    0.99999998    1.00000000    1.00000000
 360    0.01089398    0.00256526    0.99999998    1.00000000    1.00000000
 361    0.01103257    0.00259793    0.99999997    1.00000000    1.00000000
 362    0.01117290    0.00263102    0.99999997    1.00000000    1.00000000
 363    0.01131500    0.00266452    0.99999997    1.00000000    1.00000000
 364    0.01145888    0.00269845    0.99999997    1.00000000    1.00000000
 365    0.01160458    0.00273280    0.99999997    1.00000000    1.00000000
 366    0.01175210    0.00276759    0.99999997    1.00000000    1.00000000
 367    0.01190149    0.00280282    0.99999997    1.00000000    1.00000000
 368    0.01205275    0.00283849    0.99999997    1.00000000    1.00000000
 369    0.01220591    0.00287461    0.99999997    1.00000000    1.00000000
 370    0.01236100    0.00291119    0.99999996    1.00000000    1.00000000
 371    0.01251804    0.00294824    0.99999996    1.00000000    1.00000000
 372    0.01267706    0.00298575    0.99999996    1.00000000    1.00000000
 373    0.01283808    0.00302373    0.99999996    1.00000000    1.00000000
 374    0.01300112    0.00306220    0.99999996    1.00000000    1.00000000
 375    0.01316621    0.00310115    0.99999996    1.00000000    1.00000000
 376    0.01333338    0.00314059    0.99999996    1.00000000    1.00000000
 377    0.01350265    0.00318053    0.99999995    1.00000000    1.00000000
 378    0.01367405    0.00322098    0.99999995    1.00000000    1.00000000
 379    0.01384761    0.00326194    0.99999995    1.00000000    1.00000000
 380    0.01402335    0.00330341    0.99999995    1.00000000    1.00000000
 381    0.01420130    0.00334542    0.99999995    1.00000000    1.00000000
 382    0.01438149    0.00338795    0.99999994    1.00000000    1.00000000
 383    0.01456395    0.00343102    0.99999994    1.00000000    1.00000000
 384    0.01474870    0.00347464    0.99999994    1.00000000    1.00000000
 385    0.01493577    0.00351881    0.99999994    1.00000000    1.00000000
 386    0.01512520    0.00356353    0.99999993    1.00000000    1.00000000
 387    0.01531701    0.00360883    0.99999993    1.00000000    1.00000000
 388    0.01551123    0.00365470    0.99999993    1.00000000    1.00000000
 389    0.01570790    0.00370115    0.99999993    1.00000000    1.00000000
 390    0.01590704    0.00374818    0.99999992    1.00000000    1.00000000
 391    0.01610869    0.00379582    0.99999992    1.00000000    1.00000000
 392    0.01631287    0.00384406    0.99999992    1.00000000    1.00000000
 393    0.01651962    0.00389290    0.99999992    1.00000000    1.00000000
 394    0.01672897    0.00394237    0.99999991    1.00000000    1.00000000
 395    0.01694095    0.00399247    0.99999991    1.00000000    1.00000000
 396    0.01715560    0.00404320    0.99999990    1.00000000    1.00000000
 397    0.01737295    0.00409458    0.99999990    1.00000000    1.00000000
 398    0.01759303    0.00414660    0.99999990    1.00000000    1.00000000
 399    0.01781589    0.00419929    0.99999989    1.00000000    1.00000000
 400    0.01804154    0.00425265    0.99999989    1.00000000    1.00000000
 401    0.01827003    0.00430668    0.99999989    1.00000000    1.00000000
 402    0.01850140    0.00436140    0.99999988    1.00000000    1.00000000
 403    0.01873568    0.00441682    0.99999988    1.00000000    1.00000000
 404    0.01897290    0.00447294    0.99999987    1.00000000    1.00000000
 405    0.01921311    0.00452978    0.99999987    1.00000000    1.00000000
 406    0.01945634    0.00458733    0.99999986    1.00000000    1.00000000
 407    0.01970263    0.00464562    0.99999986    1.00000000    1.00000000
 408    0.01995202    0.00470465    0.99999985    1.00000000    1.00000000
 409    0.02020455    0.00476443    0.99999984    1.00000000    1.00000000
 410    0.02046025    0.00482498    0.99999984    1.00000000    1.00000000
 411    0.02071916    0.00488629    0.99999983    1.00000000    1.00000000
 412    0.02098134    0.00494839    0.99999983    1.00000000    1.00000000
 413    0.02124681    0.00501127    0.99999982    1.00000000    1.00000000
 414    0.02151562    0.00507496    0.99999981    1.00000000    1.00000000
 415    0.02178781    0.00513946    0.99999980    1.00000000    1.00000000
 416    0.02206343    0.00520478    0.99999980    1.00000000    1.00000000
 417    0.02234251    0.00527094    0.99999979    1.00000000    1.00000000
 418    0.02262510    0.00533794    0.99999978    1.00000000    1.00000000
 419    0.02291125    0.00540579    0.99999977    1.00000000    1.00000000
 420    0.02320100    0.00547452    0.99999976    1.00000000    1.00000000
 421    0.02349439    0.00554412    0.99999976    1.00000000    1.00000000
 422    0.02379147    0.00561461    0.99999975    1.00000000    1.00000000
 423    0.02409229    0.00568600    0.99999974    1.00000000    1.00000000
 424    0.02439689    0.00575830    0.99999973    0.99999999    0.99999999
 425    0.02470533    0.00583154    0.99999972    0.99999999    0.99999999
 426    0.02501764    0.00590570    0.99999970    0.99999999    0.99999999
 427    0.02533388    0.00598082    0.99999969    0.99999999    0.99999999
 428    0.02565410    0.00605690    0.99999968    0.99999999    0.99999999
 429    0.02597835    0.00613396    0.99999967    0.99999999    0.99999999
 430    0.02630668    0.00621201    0.99999966    0.99999999    0.99999999
 431    0.02663913    0.00629105    0.99999964    0.99999999    0.99999999
 432    0.02697577    0.00637112    0.99999963    0.99999999    0.99999999
 433    0.02731664    0.00645221    0.99999961    0.99999999    0.99999999
 434    0.02766180    0.00653434    0.99999960    0.99999999    0.99999999
 435    0.02801131    0.00661753    0.99999958    0.99999999    0.99999999
 436    0.02836520    0.00670179    0.99999957    0.99999999    0.99999999
 437    0.02872355    0.00678713    0.99999955    0.99999999    0.99999999
 438    0.02908641    0.00687358    0.99999953    0.99999999    0.99999999
 439    0.02945383    0.00696114    0.99999952    0.99999999    0.99999999
 440    0.02982587    0.00704982    0.99999950    0.99999999    0.99999999
 441    0.03020260    0.00713966    0.99999948    0.99999999    0.99999999
 442    0.03058406    0.00723065    0.99999946    0.99999999    0.99999999
 443    0.03097032    0.00732282    0.99999944    0.99999999    0.99999999
 444    0.03136143    0.00741618    0.99999942    0.99999999    0.99999999
 445    0.03175747    0.00751075    0.99999939    0.99999999    0.99999999
 446    0.03215849    0.00760654    0.99999937    0.99999999    0.99999999
 447    0.03256455    0.00770357    0.99999935    0.99999999    0.99999999
 448    0.03297572    0.00780187    0.99999932    0.99999999    0.99999999
 449    0.03339206    0.00790143    0.99999929    0.99999999    0.99999999
 450    0.03381364    0.00800230    0.99999927    0.99999999    0.99999999
 451    0.03424053    0.00810447    0.99999924    0.99999999    0.99999999
 452    0.03467278    0.00820797    0.99999921    0.99999999    0.99999999
 453    0.03511047    0.00831282    0.99999918    0.99999998    0.99999998
 454    0.03555366    0.00841903    0.99999915    0.99999998    0.99999998
 455    0.03600243    0.00852663    0.99999912    0.99999998    0.99999998
 456    0.03645684    0.00863563    0.99999908    0.99999998    0.99999998
 457    0.03691697    0.00874606    0.99999905    0.99999998    0.99999998
 458    0.03738289    0.00885793    0.99999901    0.99999998    0.99999998
 459    0.03785467    0.00897127    0.99999897    0.99999998    0.99999998
 460    0.03833238    0.00908609    0.99999893    0.99999998    0.99999998
 461    0.03881610    0.00920241    0.99999889    0.99999998    0.99999998
 462    0.03930591    0.00932027    0.99999885    0.99999998    0.99999998
 463    0.03980187    0.00943967    0.99999880    0.99999998    0.99999998
 464    0.04030408    0.00956064    0.99999876    0.99999998    0.99999998
 465    0.04081260    0.00968320    0.99999871    0.99999998    0.99999998
 466    0.04132752    0.00980738    0.99999866    0.99999997    0.99999997
 467    0.04184891    0.00993320    0.99999861    0.99999997    0.99999997
 468    0.04237687    0.01006068    0.99999855    0.99999997    0.99999997
 469    0.04291146    0.01018985    0.99999850    0.99999997    0.99999997
 470    0.04345278    0.01032072    0.99999844    0.99999997    0.99999997
 471    0.04400091    0.01045333    0.99999838    0.99999997    0.99999997
 472    0.04455593    0.01058771    0.99999832    0.99999997    0.99999997
 473    0.04511793    0.01072387    0.99999825    0.99999997    0.99999997
 474    0.04568701    0.01086184    0.99999818    0.99999997    0.99999997
 475    0.04626324    0.01100165    0.99999811    0.99999996    0.99999996
 476    0.04684672    0.01114332    0.99999804    0.99999996    0.99999996
 477    0.04743753    0.01128689    0.99999796    0.99999996    0.99999996
 478    0.04803578    0.01143238    0.99999789    0.99999996    0.99999996
 479    0.04864156    0.01157982    0.99999780    0.99999996    0.99999996
 480    0.04925495    0.01172923    0.99999772    0.99999996    0.99999996
 481    0.04987606    0.01188066    0.99999763    0.99999996    0.99999996
 482    0.05050498    0.01203412    0.99999754    0.99999995    0.99999995
 483    0.05114182    0.01218966    0.99999744    0.99999995    0.99999995
 484    0.05178666    0.01234729    0.99999735    0.99999995    0.99999995
 485    0.05243962    0.01250706    0.99999724    0.99999995    0.99999995
 486    0.05310079    0.01266899    0.99999714    0.99999995    0.99999995
 487    0.05377027    0.01283312    0.99999703    0.99999994    0.99999994
 488    0.05444818    0.01299948    0.99999691    0.99999994    0.99999994
 489    0.05513461    0.01316811    0.99999679    0.99999994    0.99999994
 490    0.05582968    0.01333903    0.99999667    0.99999994    0.99999994
 491    0.05653349    0.01351230    0.99999654    0.99999994    0.99999994
 492    0.05724615    0.01368794    0.99999640    0.99999993    0.99999993
 493    0.05796777    0.01386598    0.99999626    0.99999993    0.99999993
 494    0.05869848    0.01404648    0.99999612    0.99999993    0.99999993
 495    0.05943837    0.01422946    0.99999597    0.99999992    0.99999992
 496    0.06018757    0.01441497    0.99999581    0.99999992    0.99999992
 497    0.06094620    0.01460305    0.99999565    0.99999992    0.99999992
 498    0.06171437    0.01479373    0.99999548    0.99999992    0.99999992
 499    0.06249220    0.01498706    0.99999530    0.99999991    0.99999991
 500    0.06327981    0.01518308    0.99999512    0.99999991    0.99999991
 501    0.06407733    0.01538184    0.99999493    0.99999990    0.99999990
 502    0.06488489    0.01558338    0.99999473    0.99999990    0.99999990
 503    0.06570260    0.01578775    0.99999453    0.99999990    0.99999990
 504    0.06653059    0.01599498    0.99999431    0.99999989    0.99999989
 505    0.06736900    0.01620514    0.99999409    0.99999989    0.99999989
 506    0.06821796    0.01641826    0.99999386    0.99999988    0.99999988
 507    0.06907759    0.01663440    0.99999362    0.99999988    0.99999988
 508    0.06994804    0.01685361    0.99999337    0.99999988    0.99999988
 509    0.07082944    0.01707594    0.99999312    0.99999987    0.99999987
 510    0.07172192    0.01730144    0.99999285    0.99999987    0.99999987
 511    0.07262563    0.01753017    0.99999257    0.99999986    0.99999986
 512    0.07354071    0.01776217    0.99999228    0.99999985    0.99999985
 513    0.07446730    0.01799752    0.99999197    0.99999985    0.99999985
 514    0.07540554    0.01823626    0.99999166    0.99999984    0.99999984
 515    0.07635558    0.01847845    0.99999133    0.99999984    0.99999984
 516    0.07731758    0.01872416    0.99999099    0.99999983    0.99999983
 517    0.07829167    0.01897344    0.99999064    0.99999982    0.99999982
 518    0.07927802    0.01922636    0.99999027    0.99999982    0.99999982
 519    0.08027677    0.01948298    0.99998989    0.99999981    0.99999981
 520    0.08128809    0.01974337    0.99998950    0.99999980    0.99999980
 521    0.08231213    0.02000760    0.99998908    0.99999979    0.99999979
 522    0.08334904    0.02027573    0.99998866    0.99999979    0.99999979
 523    0.08439900    0.02054784    0.99998821    0.99999978    0.99999978
 524    0.08546217    0.02082399    0.99998775    0.99999977    0.99999977
 525    0.08653871    0.02110427    0.99998726    0.99999976    0.99999976
 526    0.08762880    0.02138874    0.99998676    0.99999975    0.99999975
 527    0.08873259    0.02167749    0.99998624    0.99999974    0.99999974
 528    0.08985027    0.02197059    0.99998570    0.99999973    0.99999973
 529    0.09098200    0.02226813    0.99998513    0.99999972    0.99999972
 530    0.09212797    0.02257018    0.99998454    0.99999971    0.99999971
 531    0.09328836    0.02287684    0.99998393    0.99999970    0.99999970
 532    0.09446334    0.02318819    0.99998330    0.99999969    0.99999969
 533    0.09565310    0.02350432    0.99998264    0.99999967    0.99999967
 534    0.09685783    0.02382533    0.99998195    0.99999966    0.99999966
 535    0.09807771    0.02415130    0.99998123    0.99999965    0.99999965
 536    0.09931294    0.02448233    0.99998049    0.99999963    0.99999963
 537    0.10056370    0.02481852    0.99997971    0.99999962    0.99999962
 538    0.10183019    0.02515997    0.99997890    0.99999960    0.99999960
 539    0.10311262    0.02550679    0.99997807    0.99999959    0.99999959
 540    0.10441117    0.02585908    0.99997719    0.99999957    0.99999957
 541    0.10572606    0.02621695    0.99997628    0.99999956    0.99999956
 542    0.10705749    0.02658051    0.99997534    0.99999954    0.99999954
 543    0.10840567    0.02694988    0.99997435    0.99999952    0.99999952
 544    0.10977080    0.02732517    0.99997332    0.99999950    0.99999950
 545    0.11115311    0.02770650    0.99997226    0.99999948    0.99999948
 546    0.11255280    0.02809401    0.99997114    0.99999946    0.99999946
 547    0.11397010    0.02848780    0.99996999    0.99999944    0.99999944
 548    0.11540523    0.02888802    0.99996878    0.99999942    0.99999942
 549    0.11685840    0.02929480    0.99996753    0.99999940    0.99999940
 550    0.11832986    0.02970827    0.99996622    0.99999937    0.99999937
 551    0.11981983    0.03012857    0.99996486    0.99999935    0.99999935
 552    0.12132853    0.03055585    0.99996344    0.99999932    0.99999932
 553    0.12285622    0.03099026    0.99996197    0.99999930    0.99999930
 554    0.12440312    0.03143194    0.99996043    0.99999927    0.99999927
 555    0.12596948    0.03188105    0.99995883    0.99999924    0.99999924
 556    0.12755554    0.03233776    0.99995716    0.99999921    0.99999921
 557    0.12916155    0.03280221    0.99995542    0.99999918    0.99999918
 558    0.13078776    0.03327459    0.99995361    0.99999915    0.99999915
 559    0.13243442    0.03375506    0.99995172    0.99999911    0.99999911
 560    0.13410180    0.03424380    0.99994975    0.99999908    0.99999908
 561    0.13579015    0.03474099    0.99994770    0.99999904    0.99999904
 562    0.13749974    0.03524682    0.99994556    0.99999901    0.99999901
 563    0.13923084    0.03576148    0.99994334    0.99999897    0.99999897
 564    0.14098370    0.03628515    0.99994101    0.99999893    0.99999893
 565    0.14275862    0.03681806    0.99993859    0.99999889    0.99999889
 566    0.14455586    0.03736039    0.99993607    0.99999885    0.99999885
 567    0.14637571    0.03791236    0.99993344    0.99999880    0.99999880
 568    0.14821845    0.03847419    0.99993069    0.99999876    0.99999876
 569    0.15008436    0.03904610    0.99992783    0.99999871    0.99999871
 570    0.15197375    0.03962832    0.99992484    0.99999867    0.99999867
 571    0.15388690    0.04022108    0.99992173    0.99999862    0.99999862
 572    0.15582412    0.04082462    0.99991848    0.99999857    0.99999857
 573    0.15778571    0.04143919    0.99991509    0.99999851    0.99999851
 574    0.15977197    0.04206504    0.99991155    0.99999846    0.99999846
 575    0.16178321    0.04270243    0.99990786    0.99999840    0.99999840
 576    0.16381975    0.04335163    0.99990401    0.99999835    0.99999835
 577    0.16588191    0.04401290    0.99989999    0.99999829    0.99999829
 578    0.16797001    0.04468653    0.99989580    0.99999823    0.99999823
 579    0.17008437    0.04537280    0.99989142    0.99999816    0.99999816
 580    0.17222532    0.04607201    0.99988684    0.99999810    0.99999810
 581    0.17439321    0.04678445    0.99988207    0.99999804    0.99999804
 582    0.17658837    0.04751044    0.99987708    0.99999797    0.99999797
 583    0.17881113    0.04825029    0.99987187    0.99999790    0.99999790
 584    0.18106186    0.04900432    0.99986644    0.99999783    0.99999783
 585    0.18334090    0.04977286    0.99986075    0.99999776    0.99999776
 586    0.18564860    0.05055626    0.99985482    0.99999769    0.99999769
 587    0.18798533    0.05135485    0.99984862    0.99999762    0.99999762
 588    0.19035145    0.05216900    0.99984214    0.99999755    0.99999755
 589    0.19274734    0.05299907    0.99983537    0.99999747    0.99999747
 590    0.19517336    0.05384543    0.99982829    0.99999740    0.99999740
 591    0.19762990    0.05470845    0.99982089    0.99999733    0.99999733
 592    0.20011734    0.05558854    0.99981316    0.99999725    0.99999725
 593    0.20263606    0.05648608    0.99980507    0.99999718    0.99999718
 594    0.20518647    0.05740148    0.99979661    0.99999711    0.99999711
 595    0.20776895    0.05833516    0.99978777    0.99999703    0.99999703
 596    0.21038393    0.05928755    0.99977852    0.99999696    0.99999696
 597    0.21303179    0.06025906    0.99976885    0.99999690    0.99999690
 598    0.21571296    0.06125016    0.99975872    0.99999683    0.99999683
 599    0.21842785    0.06226127    0.99974813    0.99999677    0.99999677
 600    0.22117689    0.06329288    0.99973705    0.99999671    0.99999671
 601    0.22396052    0.06434544    0.99972545    0.99999666    0.99999666
 602    0.22677915    0.06541943    0.99971332    0.99999662    0.99999662
 603    0.22963324    0.06651534    0.99970061    0.99999658    0.99999658
 604    0.23252323    0.06763366    0.99968731    0.99999655    0.99999655
 605    0.23544957    0.06877490    0.99967338    0.99999652    0.99999652
 606    0.23841272    0.06993956    0.99965879    0.99999651    0.99999651
 607    0.24141314    0.07112818    0.99964352    0.99999651    0.99999651
 608    0.24445131    0.07234127    0.99962752    0.99999653    0.99999653
 609    0.24752768    0.07357938    0.99961076    0.99999656    0.99999656
 610    0.25064276    0.07484305    0.99959320    0.99999661    0.99999661
 611    0.25379701    0.07613282    0.99957480    0.99999668    0.99999668
 612    0.25699095    0.07744926    0.99955553    0.99999677    0.99999677
 613    0.26022505    0.07879294    0.99953532    0.99999689    0.99999689
 614    0.26349984    0.08016441    0.99951415    0.99999703    0.99999703
 615    0.26681582    0.08156427    0.99949195    0.99999721    0.99999721
 616    0.27017351    0.08299310    0.99946867    0.99999743    0.99999743
 617    0.27357343    0.08445147    0.99944427    0.99999768    0.99999768
 618    0.27701612    0.08593998    0.99941869    0.99999798    0.99999798
 619    0.28050211    0.08745923    0.99939186    0.99999833    0.99999833
 620    0.28403196    0.08900981    0.99936372    0.99999873    0.99999873
 621    0.28760620    0.09059232    0.99933420    0.99999920    0.99999920
 622    0.29122540    0.09220736    0.99930323    0.99999973    0.99999973
 623    0.29489012    0.09385553    0.99927075    1.00000034    1.00000034
 624    0.29860094    0.09553742    0.99923667    1.00000103    1.00000103
 625    0.30235844    0.09725364    0.99920091    1.00000181    1.00000181
 626    0.30616320    0.09900477    0.99916338    1.00000269    1.00000269
 627    0.31001581    0.10079140    0.99912399    1.00000369    1.00000369
 628    0.31391689    0.10261412    0.99908266    1.00000481    1.00000481
 629    0.31786704    0.10447348    0.99903928    1.00000606    1.00000606
 630    0.32186687    0.10637006    0.99899374    1.00000746    1.00000746
 631    0.32591702    0.10830442    0.99894593    1.00000903    1.00000903
 632    0.33001811    0.11027707    0.99889574    1.00001077    1.00001077
 633    0.33417078    0.11228856    0.99884306    1.00001272    1.00001272
 634    0.33837569    0.11433939    0.99878774    1.00001488    1.00001488
 635    0.34263350    0.11643003    0.99872966    1.00001728    1.00001728
 636    0.34694485    0.11856096    0.99866868    1.00001994    1.00001994
 637    0.35131044    0.12073262    0.99860464    1.00002289    1.00002289
 638    0.35573094    0.12294542    0.99853741    1.00002615    1.00002615
 639    0.36020705    0.12519974    0.99846680    1.00002975    1.00002975
 640    0.36473945    0.12749593    0.99839267    1.00003373    1.00003373
 641    0.36932887    0.12983430    0.99831482    1.00003812    1.00003812
 642    0.37397601    0.13221513    0.99823308    1.00004296    1.00004296
 643    0.37868161    0.13463864    0.99814724    1.00004828    1.00004828
 644    0.38344640    0.13710502    0.99805711    1.00005414    1.00005414
 645    0.38827112    0.13961440    0.99796248    1.00006059    1.00006059
 646    0.39315653    0.14216685    0.99786312    1.00006766    1.00006766
 647    0.39810339    0.14476240    0.99775880    1.00007544    1.00007544
 648    0.40311247    0.14740100    0.99764929    1.00008396    1.00008396
 649    0.40818456    0.15008253    0.99753432    1.00009331    1.00009331
 650    0.41332045    0.15280680    0.99741365    1.00010354    1.00010354
 651    0.41852094    0.15557356    0.99728699    1.00011475    1.00011475
 652    0.42378684    0.15838244    0.99715407    1.00012702    1.00012702
 653    0.42911898    0.16123301    0.99701459    1.00014042    1.00014042
 654    0.43451819    0.16412473    0.99686824    1.00015507    1.00015507
 655    0.43998532    0.16705698    0.99671471    1.00017107    1.00017107
 656    0.44552121    0.17002900    0.99655366    1.00018852    1.00018852
 657    0.45112674    0.17303994    0.99638477    1.00020756    1.00020756
 658    0.45680277    0.17608884    0.99620767    1.00022831    1.00022831
 659    0.46255020    0.17917459    0.99602200    1.00025091    1.00025091
 660    0.46836993    0.18229595    0.99582739    1.00027551    1.00027551
 661    0.47426285    0.18545156    0.99562345    1.00030227    1.00030227
 662    0.48022991    0.18863990    0.99540978    1.00033136    1.00033136
 663    0.48627201    0.19185929    0.99518598    1.00036296    1.00036296
 664    0.49239012    0.19510790    0.99495162    1.00039726    1.00039726
 665    0.49858519    0.19838374    0.99470628    1.00043448    1.00043448
 666    0.50485817    0.20168461    0.99444952    1.00047483    1.00047483
 667    0.51121007    0.20500817    0.99418088    1.00051854    1.00051854
 668    0.51764186    0.20835186    0.99389993    1.00056586    1.00056586
 669    0.52415455    0.21171293    0.99360619    1.00061705    1.00061705
 670    0.53074916    0.21508843    0.99329919    1.00067238    1.00067238
 671    0.53742672    0.21847519    0.99297846    1.00073214    1.00073214
 672    0.54418828    0.22186982    0.99264353    1.00079663    1.00079663
 673    0.55103488    0.22526873    0.99229392    1.00086616    1.00086616
 674    0.55796761    0.22866805    0.99192914    1.00094107    1.00094107
 675    0.56498753    0.23206371    0.99154873    1.00102170    1.00102170
 676    0.57209576    0.23545137    0.99115220    1.00110840    1.00110840
 677    0.57929340    0.23882646    0.99073909    1.00120154    1.00120154
 678    0.58658157    0.24218413    0.99030893    1.00130150    1.00130150
 679    0.59396142    0.24551930    0.98986129    1.00140867    1.00140867
 680    0.60143409    0.24882659    0.98939573    1.00152343    1.00152343
 681    0.60900076    0.25210038    0.98891182    1.00164620    1.00164620
 682    0.61666261    0.25533476    0.98840917    1.00177737    1.00177737
 683    0.62442083    0.25852355    0.98788741    1.00191735    1.00191735
 684    0.63227663    0.26166032    0.98734618    1.00206653    1.00206653
 685    0.64023125    0.26473833    0.98678518    1.00222531    1.00222531
 686    0.64828593    0.26775058    0.98620412    1.00239406    1.00239406
 687    0.65644192    0.27068981    0.98560276    1.00257316    1.00257316
 688    0.66470050    0.27354849    0.98498091    1.00276294    1.00276294
 689    0.67306296    0.27631880    0.98433842    1.00296371    1.00296371
 690    0.68153061    0.27899270    0.98367520    1.00317575    1.00317575
 691    0.69010477    0.28156188    0.98299121    1.00339928    1.00339928
 692    0.69878678    0.28401778    0.98228648    1.00363449    1.00363449
 693    0.70757799    0.28635164    0.98156111    1.00388149    1.00388149
 694    0.71647979    0.28855446    0.98081527    1.00414033    1.00414033
 695    0.72549355    0.29061703    0.98004921    1.00441095    1.00441095
 696    0.73462070    0.29252997    0.97926328    1.00469324    1.00469324
 697    0.74386265    0.29428372    0.97845789    1.00498694    1.00498694
 698    0.75322085    0.29586857    0.97763356    1.00529168    1.00529168
 699    0.76269676    0.29727468    0.97679090    1.00560698    1.00560698
 700    0.77229186    0.29849210    0.97593065    1.00593217    1.00593217
 701    0.78200766    0.29951082    0.97505362    1.00626645    1.00626645
 702    0.79184566    0.30032074    0.97416075    1.00660882    1.00660882
 703    0.80180741    0.30091177    0.97325308    1.00695810    1.00695810
 704    0.81189447    0.30127382    0.97233179    1.00731289    1.00731289
 705    0.82210840    0.30139684    0.97139814    1.00767157    1.00767157
 706    0.83245081    0.30127085    0.97045354    1.00803228    1.00803228
 707    0.84292331    0.30088598    0.96949950    1.00839291    1.00839291
 708    0.85352754    0.30023254    0.96853766    1.00875109    1.00875109
 709    0.86426515    0.29930101    0.96756974    1.00910417    1.00910417
 710    0.87513783    0.29808210    0.96659762    1.00944921    1.00944921
 711    0.88614727    0.29656680    0.96562326    1.00978301    1.00978301
 712    0.89729519    0.29474644    0.96464871    1.01010204    1.01010204
 713    0.90858333    0.29261268    0.96367614    1.01040249    1.01040249
 714    0.92001346    0.29015762    0.96270780    1.01068029    1.01068029
 715    0.93158736    0.28737380    0.96174600    1.01093104    1.01093104
 716    0.94330685    0.28425426    0.96079313    1.01115011    1.01115011
 717    0.95517375    0.28079257    0.95985163    1.01133261    1.01133261
 718    0.96718991    0.27698291    0.95892398    1.01147340    1.01147340
 719    0.97935722    0.27282007    0.95801268    1.01156718    1.01156718
 720    0.99167758    0.26829952    0.95712025    1.01160845    1.01160845
 721    1.00415291    0.26341744    0.95624918    1.01159161    1.01159161
 722    1.01678516    0.25817073    0.95540194    1.01151098    1.01151098
 723    1.02957630    0.25255709    0.95458095    1.01136088    1.01136088
 724    1.04252833    0.24657502    0.95378854    1.01113565    1.01113565
 725    1.05564328    0.24022384    0.95302697    1.01082975    1.01082975
 726    1.06892320    0.23350374    0.95229836    1.01043784    1.01043784
 727    1.08237016    0.22641576    0.95160470    1.00995484    1.00995484
 728    1.09598626    0.21896183    0.95094780    1.00937601    1.00937601
 729    1.10977363    0.21114476    0.95032928    1.00869706    1.00869706
 730    1.12373442    0.20296823    0.94975055    1.00791423    1.00791423
 731    1.13787082    0.19443681    0.94921276    1.00702437    1.00702437
 732    1.15218503    0.18555593    0.94871682    1.00602505    1.00602505
 733    1.16667929    0.17633183    0.94826333    1.00491462    1.00491462
 734    1.18135587    0.16677159    0.94785258    1.00369233    1.00369233
 735    1.19621706    0.15688304    0.94748452    1.00235835    1.00235835
 736    1.21126517    0.14667475    0.94715876    1.00091390    1.00091390
 737    1.22650257    0.13615594    0.94687451    0.99936124    0.99936124
 738    1.24193163    0.12533649    0.94663061    0.99770377    0.99770377
 739    1.25755477    0.11422681    0.94642549    0.99594599    0.99594599
 740    1.27337442    0.10283781    0.94625714    0.99409355    0.99409355
 741    1.28939306    0.09118085    0.94612313    0.99215323    0.99215323
 742    1.30561319    0.07926762    0.94602057    0.99013286    0.99013286
 743    1.32203734    0.06711010    0.94594614    0.98804131    0.98804131
 744    1.33866808    0.05472051    0.94589603    0.98588840    0.98588840
 745    1.35550801    0.04211121    0.94586598    0.98368475    0.98368475
 746    1.37255976    0.02929467    0.94585125    0.98144175    0.98144175
 747    1.38982599    0.01628347    0.94584665    0.97917135    0.97917135
 748    1.40730941    0.00309019    0.94584648    0.97688595    0.97688595
 749    1.42501274   -0.01027252    0.94584460    0.97459825    0.97459825
 750    1.44293876   -0.02379195    0.94583439    0.97232114    0.97232114
 751    1.46109025   -0.03745528    0.94580876    0.97006755    0.97006755
 752    1.47947006   -0.05124949    0.94576019    0.96785058    0.96785058
 753    1.49808106   -0.06516139    0.94568067    0.96568370    0.96568370
 754    1.51692616   -0.07917761    0.94556179    0.96358077    0.96358077
 755    1.53600830   -0.09328465    0.94539469    0.96155591    0.96155591
 756    1.55533047   -0.10746889    0.94517013    0.95962347    0.95962347
 757    1.57489568   -0.12171662    0.94487846    0.95779791    0.95779791
 758    1.59470699   -0.13601404    0.94450966    0.95609379    0.95609379
 759    1.61476749   -0.15034731    0.94405337    0.95452563    0.95452563
 760    1.63508032   -0.16470252    0.94349889    0.95310791    0.95310791
 761    1.65564866   -0.17906579    0.94283524    0.95185492    0.95185492
 762    1.67647572   -0.19342319    0.94205117    0.95078070    0.95078070
 763    1.69756474   -0.20776087    0.94113517    0.94989900    0.94989900
 764    1.71891904   -0.22206498    0.94007553    0.94922311    0.94922311
 765    1.74054194   -0.23632175    0.93886038    0.94876587    0.94876587
 766    1.76243682   -0.25051750    0.93747767    0.94853952    0.94853952
 767    1.78460710   -0.26463864    0.93591528    0.94855564    0.94855564
 768    1.80705626   -0.27867171    0.93416101    0.94882506    0.94882506
 769    1.82978778   -0.29260339    0.93220262    0.94935779    0.94935779
 770    1.85280524   -0.30642051    0.93002789    0.95016295    0.95016295
 771    1.87611222   -0.32011006    0.92762466    0.95124868    0.95124868
 772    1.89971237   -0.33365924    0.92498083    0.95262206    0.95262206
 773    1.92360936   -0.34705543    0.92208447    0.95428908    0.95428908
 774    1.94780695   -0.36028623    0.91892381    0.95625455    0.95625455
 775    1.97230891   -0.37333948    0.91548728    0.95852206    0.95852206
 776    1.99711906   -0.38620324    0.91176359    0.96109391    0.96109391
 777    2.02224128   -0.39886583    0.90774177    0.96397105    0.96397105
 778    2.04767950   -0.41131583    0.90341116    0.96715308    0.96715308
 779    2.07343770   -0.42354211    0.89876151    0.97063815    0.97063815
 780    2.09951989   -0.43553381    0.89378300    0.97442296    0.97442296
 781    2.12593016   -0.44728038    0.88846627    0.97850270    0.97850270
 782    2.15267263   -0.45877157    0.88280250    0.98287101    0.98287101
 783    2.17975148   -0.46999747    0.87678338    0.98752000    0.98752000
 784    2.20717094   -0.48094849    0.87040123    0.99244019    0.99244019
 785    2.23493529   -0.49161540    0.86364895    0.99762053    0.99762053
 786    2.26304887   -0.50198932    0.85652015    1.00304842    1.00304842
 787    2.29151608   -0.51206172    0.84900909    1.00870981    1.00870981
 788    2.32034136   -0.52182445    0.84111079    1.01458926    1.01458926
 789    2.34952922   -0.53126966    0.83282099    1.02067012    1.02067012
 790    2.37908422   -0.54038986    0.82413625    1.02693474    1.02693474
 791    2.40901098   -0.54917782    0.81505392    1.03336476    1.03336476
 792    2.43931416   -0.55762657    0.80557221    1.03994142    1.03994142
 793    2.46999852   -0.56572927    0.79569019    1.04664589    1.04664589
 794    2.50106883   -0.57347920    0.78540784    1.05345962    1.05345962
 795    2.53252997   -0.58086963    0.77472607    1.06036461    1.06036461
 796    2.56438683   -0.58789378    0.76364677    1.06734347    1.06734347
 797    2.59664440   -0.59454468    0.75217284    1.07437944    1.07437944
 798    2.62930773   -0.60081515    0.74030823    1.08145614    1.08145614
 799    2.66238191   -0.60669780    0.72805796    1.08855708    1.08855708
 800    2.69587211   -0.61218495    0.71542822    1.09566513    1.09566513
 801    2.72978356   -0.61726873    0.70242633    1.10276183    1.10276183
 802    2.76412157   -0.62194111    0.68906083    1.10982678    1.10982678
 803    2.79889150   -0.62619402    0.67534149    1.11683711    1.11683711
 804    2.83409878   -0.63001939    0.66127934    1.12376690    1.12376690
 805    2.86974891   -0.63340935    0.64688666    1.13058781    1.13058781
 806    2.90584747   -0.63635617    0.63217703    1.13726860    1.13726860
 807    2.94240009   -0.63885251    0.61716528    1.14377490    1.14377490
 808    2.97941249   -0.64089138    0.60186753    1.15007028    1.15007028
 809    3.01689044   -0.64246624    0.58630114    1.15611641    1.15611641
 810    3.05483981   -0.64357101    0.57048469    1.16187348    1.16187348
 811    3.09326652   -0.64420011    0.55443796    1.16730059    1.16730059
 812    3.13217659   -0.64434846    0.53818191    1.17235613    1.17235613
 813    3.17157608   -0.64401148    0.52173860    1.17699809    1.17699809
 814    3.21147115   -0.64318510    0.50513116    1.18118432    1.18118432
 815    3.25186805   -0.64186573    0.48838374    1.18487277    1.18487277
 816    3.29277307   -0.64005028    0.47152146    1.18802172    1.18802172
 817    3.33419261   -0.63773613    0.45457032    1.19058986    1.19058986
 818    3.37613315   -0.63492114    0.43755715    1.19253656    1.19253656
 819    3.41860124   -0.63160361    0.42050955    1.19382191    1.19382191
 820    3.46160351   -0.62778235    0.40345575    1.19440691    1.19440691
 821    3.50514668   -0.62345657    0.38642460    1.19425361    1.19425361
 822    3.54923756   -0.61862597    0.36944543    1.19332521    1.19332521
 823    3.59388303   -0.61329068    0.35254796    1.19158627    1.19158627
 824    3.63909007   -0.60745130    0.33576222    1.18900279    1.18900279
 825    3.68486575   -0.60110886    0.31911841    1.18554242    1.18554242
 826    3.73121721   -0.59426484    0.30264684    1.18117463    1.18117463
 827    3.77815171   -0.58692117    0.28637775    1.17587084    1.17587084
 828    3.82567656   -0.57908021    0.27034125    1.16960461    1.16960461
 829    3.87379921   -0.57074479    0.25456713    1.16235187    1.16235187
 830    3.92252716   -0.56191816    0.23908482    1.15409101    1.15409101
 831    3.97186804   -0.55260402    0.22392317    1.14480316    1.14480316
 832    4.02182955   -0.54280649    0.20911037    1.13447231    1.13447231
 833    4.07241950   -0.53253015    0.19467380    1.12308552    1.12308552
 834    4.12364579   -0.52177998    0.18063987    1.11063308    1.11063308
 835    4.17551642   -0.51056140    0.16703392    1.09710868    1.09710868
 836    4.22803951   -0.49888023    0.15388002    1.08250965    1.08250965
 837    4.28122326   -0.48674271    0.14120089    1.06683705    1.06683705
 838    4.33507598   -0.47415547    0.12901771    1.05009592    1.05009592
 839    4.38960608   -0.46112553    0.11734999    1.03229538    1.03229538
 840    4.44482209   -0.44766027    0.10621542    1.01344885    1.01344885
 841    4.50073263   -0.43376746    0.09562973    0.99357419    0.99357419
 842    4.55734643   -0.41945516    0.08560656    0.97269390    0.97269390
 843    4.61467235   -0.40473178    0.07615731    0.95083527    0.95083527
 844    4.67271935   -0.38960601    0.06729101    0.92803057    0.92803057
 845    4.73149648   -0.37408679    0.05901417    0.90431719    0.90431719
 846    4.79101294   -0.35818329    0.05133067    0.87973786    0.87973786
 847    4.85127802   -0.34190486    0.04424162    0.85434073    0.85434073
 848    4.91230114   -0.32526096    0.03774527    0.82817955    0.82817955
 849    4.97409184   -0.30826112    0.03183684    0.80131373    0.80131373
 850    5.03665978   -0.29091489    0.02650846    0.77380836    0.77380836
 851    5.10001472   -0.27323173    0.02174903    0.74573422    0.74573422
 852    5.16416656   -0.25522093    0.01754416    0.71716762    0.71716762
 853    5.22912534   -0.23689155    0.01387599    0.68819019    0.68819019
 854    5.29490120   -0.21825230    0.01072320    0.65888855    0.65888855
 855    5.36150442   -0.19931140    0.00806081    0.62935388    0.62935388
 856    5.42894540   -0.18007655    0.00586017    0.59968129    0.59968129
 857    5.49723468   -0.16055473    0.00408880    0.56996913    0.56996913
 858    5.56638294   -0.14075215    0.00271031    0.54029458    0.54029458
 859    5.63640098   -0.12067535    0.00168428    0.51013488    0.51013488
 860    5.70729974   -0.10036292    0.00096567    0.47461797    0.47461797
 861    5.77909029   -0.08010323    0.00050213    0.42196892    0.42196892
 862    5.85178385   -0.06068469    0.00023275    0.34363482    0.34363482
 863    5.92539179   -0.04321360    0.00009444    0.24730671    0.24730671
 864    5.99992561   -0.02866803    0.00003280    0.15362746    0.15362746
 865    6.07539694   -0.01754719    0.00000941    0.08116864    0.08116864
 866    6.15181758   -0.00977279    0.00000207    0.03616065    0.03616065
 867    6.22919948   -0.00480627    0.00000027    0.01368401    0.01368401
 868    6.30755472   -0.00185364    0.00000000    0.00486349    0.00486349
 869    6.38689555   -0.00000000    0.00000000    0.00068571    0.00068571
 870    6.46723437    0.00000000    0.00000000    0.00000000    0.00000000
 871    6.54858372    0.00000000    0.00000000    0.00000000    0.00000000
 872    6.63095632    0.00000000    0.00000000    0.00000000    0.00000000
 873    6.71436505   -0.00000000    0.00000000    0.00000000    0.00000000
