               -286.5033230517
          0.001957632       0.000000000       0.000000000
          0.000000000       0.001957632       0.000000000
          0.000000000      -0.000000000       0.001957632
           5
  1    38      -0.000000000      -0.000000000      -0.000000000  Sr
  2    22      -0.000000000       0.000000000      -0.000000000  Ti
  3     8       0.000000000      -0.000000000      -0.000000000  O
  3     8       0.000000000       0.000000000       0.000000000  O
  3     8      -0.000000000       0.000000000       0.000000000  O
