   1    0.00000000    0.00000000    1.00000000    1.00000000    1.00000000
   2    0.00000082    0.00000003    1.00000000    1.00000000    1.00000000
   3    0.00000165    0.00000007    1.00000000    1.00000000    1.00000000
   4    0.00000249    0.00000011    1.00000000    1.00000000    1.00000000
   5    0.00000334    0.00000014    1.00000000    1.00000000    1.00000000
   6    0.00000421    0.00000018    1.00000000    1.00000000    1.00000000
   7    0.00000508    0.00000022    1.00000000    1.00000000    1.00000000
   8    0.00000596    0.00000025    1.00000000    1.00000000    1.00000000
   9    0.00000686    0.00000029    1.00000000    1.00000000    1.00000000
  10    0.00000777    0.00000033    1.00000000    1.00000000    1.00000000
  11    0.00000869    0.00000037    1.00000000    1.00000000    1.00000000
  12    0.00000962    0.00000041    1.00000000    1.00000000    1.00000000
  13    0.00001056    0.00000045    1.00000000    1.00000000    1.00000000
  14    0.00001151    0.00000049    1.00000000    1.00000000    1.00000000
  15    0.00001248    0.00000053    1.00000000    1.00000000    1.00000000
  16    0.00001345    0.00000057    1.00000000    1.00000000    1.00000000
  17    0.00001444    0.00000061    1.00000000    1.00000000    1.00000000
  18    0.00001544    0.00000065    1.00000000    1.00000000    1.00000000
  19    0.00001646    0.00000070    1.00000000    1.00000000    1.00000000
  20    0.00001749    0.00000074    1.00000000    1.00000000    1.00000000
  21    0.00001853    0.00000079    1.00000000    1.00000000    1.00000000
  22    0.00001958    0.00000083    1.00000000    1.00000000    1.00000000
  23    0.00002065    0.00000087    1.00000000    1.00000000    1.00000000
  24    0.00002173    0.00000092    1.00000000    1.00000000    1.00000000
  25    0.00002282    0.00000097    1.00000000    1.00000000    1.00000000
  26    0.00002393    0.00000101    1.00000000    1.00000000    1.00000000
  27    0.00002505    0.00000106    1.00000000    1.00000000    1.00000000
  28    0.00002619    0.00000111    1.00000000    1.00000000    1.00000000
  29    0.00002734    0.00000116    1.00000000    1.00000000    1.00000000
  30    0.00002850    0.00000121    1.00000000    1.00000000    1.00000000
  31    0.00002968    0.00000126    1.00000000    1.00000000    1.00000000
  32    0.00003087    0.00000131    1.00000000    1.00000000    1.00000000
  33    0.00003208    0.00000136    1.00000000    1.00000000    1.00000000
  34    0.00003331    0.00000141    1.00000000    1.00000000    1.00000000
  35    0.00003455    0.00000146    1.00000000    1.00000000    1.00000000
  36    0.00003580    0.00000152    1.00000000    1.00000000    1.00000000
  37    0.00003707    0.00000157    1.00000000    1.00000000    1.00000000
  38    0.00003836    0.00000163    1.00000000    1.00000000    1.00000000
  39    0.00003966    0.00000168    1.00000000    1.00000000    1.00000000
  40    0.00004098    0.00000174    1.00000000    1.00000000    1.00000000
  41    0.00004232    0.00000179    1.00000000    1.00000000    1.00000000
  42    0.00004367    0.00000185    1.00000000    1.00000000    1.00000000
  43    0.00004504    0.00000191    1.00000000    1.00000000    1.00000000
  44    0.00004643    0.00000197    1.00000000    1.00000000    1.00000000
  45    0.00004783    0.00000203    1.00000000    1.00000000    1.00000000
  46    0.00004925    0.00000209    1.00000000    1.00000000    1.00000000
  47    0.00005069    0.00000215    1.00000000    1.00000000    1.00000000
  48    0.00005215    0.00000221    1.00000000    1.00000000    1.00000000
  49    0.00005363    0.00000227    1.00000000    1.00000000    1.00000000
  50    0.00005512    0.00000234    1.00000000    1.00000000    1.00000000
  51    0.00005664    0.00000240    1.00000000    1.00000000    1.00000000
  52    0.00005817    0.00000246    1.00000000    1.00000000    1.00000000
  53    0.00005972    0.00000253    1.00000000    1.00000000    1.00000000
  54    0.00006129    0.00000260    1.00000000    1.00000000    1.00000000
  55    0.00006288    0.00000266    1.00000000    1.00000000    1.00000000
  56    0.00006450    0.00000273    1.00000000    1.00000000    1.00000000
  57    0.00006613    0.00000280    1.00000000    1.00000000    1.00000000
  58    0.00006778    0.00000287    1.00000000    1.00000000    1.00000000
  59    0.00006945    0.00000294    1.00000000    1.00000000    1.00000000
  60    0.00007115    0.00000301    1.00000000    1.00000000    1.00000000
  61    0.00007286    0.00000309    1.00000000    1.00000000    1.00000000
  62    0.00007460    0.00000316    1.00000000    1.00000000    1.00000000
  63    0.00007636    0.00000324    1.00000000    1.00000000    1.00000000
  64    0.00007814    0.00000331    1.00000000    1.00000000    1.00000000
  65    0.00007994    0.00000339    1.00000000    1.00000000    1.00000000
  66    0.00008177    0.00000346    1.00000000    1.00000000    1.00000000
  67    0.00008362    0.00000354    1.00000000    1.00000000    1.00000000
  68    0.00008549    0.00000362    1.00000000    1.00000000    1.00000000
  69    0.00008739    0.00000370    1.00000000    1.00000000    1.00000000
  70    0.00008931    0.00000378    1.00000000    1.00000000    1.00000000
  71    0.00009125    0.00000387    1.00000000    1.00000000    1.00000000
  72    0.00009322    0.00000395    1.00000000    1.00000000    1.00000000
  73    0.00009521    0.00000403    1.00000000    1.00000000    1.00000000
  74    0.00009723    0.00000412    1.00000000    1.00000000    1.00000000
  75    0.00009927    0.00000421    1.00000000    1.00000000    1.00000000
  76    0.00010134    0.00000429    1.00000000    1.00000000    1.00000000
  77    0.00010344    0.00000438    1.00000000    1.00000000    1.00000000
  78    0.00010556    0.00000447    1.00000000    1.00000000    1.00000000
  79    0.00010771    0.00000456    1.00000000    1.00000000    1.00000000
  80    0.00010988    0.00000466    1.00000000    1.00000000    1.00000000
  81    0.00011208    0.00000475    1.00000000    1.00000000    1.00000000
  82    0.00011431    0.00000484    1.00000000    1.00000000    1.00000000
  83    0.00011657    0.00000494    1.00000000    1.00000000    1.00000000
  84    0.00011886    0.00000504    1.00000000    1.00000000    1.00000000
  85    0.00012118    0.00000513    1.00000000    1.00000000    1.00000000
  86    0.00012352    0.00000523    1.00000000    1.00000000    1.00000000
  87    0.00012589    0.00000533    1.00000000    1.00000000    1.00000000
  88    0.00012830    0.00000544    1.00000000    1.00000000    1.00000000
  89    0.00013073    0.00000554    1.00000000    1.00000000    1.00000000
  90    0.00013320    0.00000564    1.00000000    1.00000000    1.00000000
  91    0.00013569    0.00000575    1.00000000    1.00000000    1.00000000
  92    0.00013822    0.00000586    1.00000000    1.00000000    1.00000000
  93    0.00014078    0.00000597    1.00000000    1.00000000    1.00000000
  94    0.00014337    0.00000608    1.00000000    1.00000000    1.00000000
  95    0.00014599    0.00000619    1.00000000    1.00000000    1.00000000
  96    0.00014865    0.00000630    1.00000000    1.00000000    1.00000000
  97    0.00015134    0.00000641    1.00000000    1.00000000    1.00000000
  98    0.00015407    0.00000653    1.00000000    1.00000000    1.00000000
  99    0.00015682    0.00000665    1.00000000    1.00000000    1.00000000
 100    0.00015962    0.00000676    1.00000000    1.00000000    1.00000000
 101    0.00016245    0.00000688    1.00000000    1.00000000    1.00000000
 102    0.00016531    0.00000700    1.00000000    1.00000000    1.00000000
 103    0.00016821    0.00000713    1.00000000    1.00000000    1.00000000
 104    0.00017115    0.00000725    1.00000000    1.00000000    1.00000000
 105    0.00017412    0.00000738    1.00000000    1.00000000    1.00000000
 106    0.00017713    0.00000751    1.00000000    1.00000000    1.00000000
 107    0.00018018    0.00000764    1.00000000    1.00000000    1.00000000
 108    0.00018327    0.00000777    1.00000000    1.00000000    1.00000000
 109    0.00018639    0.00000790    1.00000000    1.00000000    1.00000000
 110    0.00018956    0.00000803    1.00000000    1.00000000    1.00000000
 111    0.00019276    0.00000817    1.00000000    1.00000000    1.00000000
 112    0.00019601    0.00000831    1.00000000    1.00000000    1.00000000
 113    0.00019929    0.00000844    1.00000000    1.00000000    1.00000000
 114    0.00020262    0.00000859    1.00000000    1.00000000    1.00000000
 115    0.00020599    0.00000873    1.00000000    1.00000000    1.00000000
 116    0.00020940    0.00000887    1.00000000    1.00000000    1.00000000
 117    0.00021285    0.00000902    1.00000000    1.00000000    1.00000000
 118    0.00021635    0.00000917    1.00000000    1.00000000    1.00000000
 119    0.00021989    0.00000932    1.00000000    1.00000000    1.00000000
 120    0.00022348    0.00000947    1.00000000    1.00000000    1.00000000
 121    0.00022711    0.00000962    1.00000000    1.00000000    1.00000000
 122    0.00023079    0.00000978    1.00000000    1.00000000    1.00000000
 123    0.00023451    0.00000994    1.00000000    1.00000000    1.00000000
 124    0.00023828    0.00001010    1.00000000    1.00000000    1.00000000
 125    0.00024210    0.00001026    1.00000000    1.00000000    1.00000000
 126    0.00024597    0.00001042    1.00000000    1.00000000    1.00000000
 127    0.00024988    0.00001059    1.00000000    1.00000000    1.00000000
 128    0.00025384    0.00001076    1.00000000    1.00000000    1.00000000
 129    0.00025786    0.00001093    1.00000000    1.00000000    1.00000000
 130    0.00026192    0.00001110    1.00000000    1.00000000    1.00000000
 131    0.00026604    0.00001127    1.00000000    1.00000000    1.00000000
 132    0.00027020    0.00001145    1.00000000    1.00000000    1.00000000
 133    0.00027442    0.00001163    1.00000000    1.00000000    1.00000000
 134    0.00027869    0.00001181    1.00000000    1.00000000    1.00000000
 135    0.00028302    0.00001199    1.00000000    1.00000000    1.00000000
 136    0.00028740    0.00001218    1.00000000    1.00000000    1.00000000
 137    0.00029184    0.00001237    1.00000000    1.00000000    1.00000000
 138    0.00029633    0.00001256    1.00000000    1.00000000    1.00000000
 139    0.00030088    0.00001275    1.00000000    1.00000000    1.00000000
 140    0.00030548    0.00001294    1.00000000    1.00000000    1.00000000
 141    0.00031014    0.00001314    1.00000000    1.00000000    1.00000000
 142    0.00031487    0.00001334    1.00000000    1.00000000    1.00000000
 143    0.00031965    0.00001355    1.00000000    1.00000000    1.00000000
 144    0.00032449    0.00001375    1.00000000    1.00000000    1.00000000
 145    0.00032939    0.00001396    1.00000000    1.00000000    1.00000000
 146    0.00033435    0.00001417    1.00000000    1.00000000    1.00000000
 147    0.00033938    0.00001438    1.00000000    1.00000000    1.00000000
 148    0.00034447    0.00001460    1.00000000    1.00000000    1.00000000
 149    0.00034962    0.00001482    1.00000000    1.00000000    1.00000000
 150    0.00035484    0.00001504    1.00000000    1.00000000    1.00000000
 151    0.00036012    0.00001526    1.00000000    1.00000000    1.00000000
 152    0.00036548    0.00001549    1.00000000    1.00000000    1.00000000
 153    0.00037089    0.00001572    1.00000000    1.00000000    1.00000000
 154    0.00037638    0.00001595    1.00000000    1.00000000    1.00000000
 155    0.00038193    0.00001618    1.00000000    1.00000000    1.00000000
 156    0.00038756    0.00001642    1.00000000    1.00000000    1.00000000
 157    0.00039325    0.00001666    1.00000000    1.00000000    1.00000000
 158    0.00039902    0.00001691    1.00000000    1.00000000    1.00000000
 159    0.00040486    0.00001716    1.00000000    1.00000000    1.00000000
 160    0.00041077    0.00001741    1.00000000    1.00000000    1.00000000
 161    0.00041676    0.00001766    1.00000000    1.00000000    1.00000000
 162    0.00042282    0.00001792    1.00000000    1.00000000    1.00000000
 163    0.00042896    0.00001818    1.00000000    1.00000000    1.00000000
 164    0.00043518    0.00001844    1.00000000    1.00000000    1.00000000
 165    0.00044147    0.00001871    1.00000000    1.00000000    1.00000000
 166    0.00044785    0.00001898    1.00000000    1.00000000    1.00000000
 167    0.00045430    0.00001925    1.00000000    1.00000000    1.00000000
 168    0.00046083    0.00001953    1.00000000    1.00000000    1.00000000
 169    0.00046745    0.00001981    1.00000000    1.00000000    1.00000000
 170    0.00047415    0.00002009    1.00000000    1.00000000    1.00000000
 171    0.00048094    0.00002038    1.00000000    1.00000000    1.00000000
 172    0.00048781    0.00002067    1.00000000    1.00000000    1.00000000
 173    0.00049476    0.00002097    1.00000000    1.00000000    1.00000000
 174    0.00050181    0.00002126    1.00000000    1.00000000    1.00000000
 175    0.00050894    0.00002157    1.00000000    1.00000000    1.00000000
 176    0.00051616    0.00002187    1.00000000    1.00000000    1.00000000
 177    0.00052347    0.00002218    1.00000000    1.00000000    1.00000000
 178    0.00053088    0.00002250    1.00000000    1.00000000    1.00000000
 179    0.00053838    0.00002281    1.00000000    1.00000000    1.00000000
 180    0.00054597    0.00002314    1.00000000    1.00000000    1.00000000
 181    0.00055366    0.00002346    1.00000000    1.00000000    1.00000000
 182    0.00056144    0.00002379    1.00000000    1.00000000    1.00000000
 183    0.00056932    0.00002413    1.00000000    1.00000000    1.00000000
 184    0.00057731    0.00002446    1.00000000    1.00000000    1.00000000
 185    0.00058539    0.00002481    1.00000000    1.00000000    1.00000000
 186    0.00059357    0.00002515    1.00000000    1.00000000    1.00000000
 187    0.00060186    0.00002550    1.00000000    1.00000000    1.00000000
 188    0.00061025    0.00002586    1.00000000    1.00000000    1.00000000
 189    0.00061875    0.00002622    1.00000000    1.00000000    1.00000000
 190    0.00062735    0.00002658    1.00000000    1.00000000    1.00000000
 191    0.00063606    0.00002695    1.00000000    1.00000000    1.00000000
 192    0.00064488    0.00002733    1.00000000    1.00000000    1.00000000
 193    0.00065382    0.00002771    1.00000000    1.00000000    1.00000000
 194    0.00066286    0.00002809    1.00000000    1.00000000    1.00000000
 195    0.00067202    0.00002848    1.00000000    1.00000000    1.00000000
 196    0.00068129    0.00002887    1.00000000    1.00000000    1.00000000
 197    0.00069068    0.00002927    1.00000000    1.00000000    1.00000000
 198    0.00070019    0.00002967    1.00000000    1.00000000    1.00000000
 199    0.00070982    0.00003008    1.00000000    1.00000000    1.00000000
 200    0.00071957    0.00003049    1.00000000    1.00000000    1.00000000
 201    0.00072944    0.00003091    1.00000000    1.00000000    1.00000000
 202    0.00073943    0.00003133    1.00000000    1.00000000    1.00000000
 203    0.00074955    0.00003176    1.00000000    1.00000000    1.00000000
 204    0.00075980    0.00003220    1.00000000    1.00000000    1.00000000
 205    0.00077018    0.00003264    1.00000000    1.00000000    1.00000000
 206    0.00078069    0.00003308    1.00000000    1.00000000    1.00000000
 207    0.00079133    0.00003353    1.00000000    1.00000000    1.00000000
 208    0.00080210    0.00003399    1.00000000    1.00000000    1.00000000
 209    0.00081301    0.00003445    1.00000000    1.00000000    1.00000000
 210    0.00082406    0.00003492    1.00000000    1.00000000    1.00000000
 211    0.00083525    0.00003539    1.00000000    1.00000000    1.00000000
 212    0.00084657    0.00003587    1.00000000    1.00000000    1.00000000
 213    0.00085804    0.00003636    1.00000000    1.00000000    1.00000000
 214    0.00086966    0.00003685    1.00000000    1.00000000    1.00000000
 215    0.00088141    0.00003735    1.00000000    1.00000000    1.00000000
 216    0.00089332    0.00003786    1.00000000    1.00000000    1.00000000
 217    0.00090538    0.00003837    1.00000000    1.00000000    1.00000000
 218    0.00091759    0.00003888    1.00000000    1.00000000    1.00000000
 219    0.00092995    0.00003941    1.00000000    1.00000000    1.00000000
 220    0.00094247    0.00003994    1.00000000    1.00000000    1.00000000
 221    0.00095514    0.00004048    1.00000000    1.00000000    1.00000000
 222    0.00096798    0.00004102    1.00000000    1.00000000    1.00000000
 223    0.00098097    0.00004157    1.00000000    1.00000000    1.00000000
 224    0.00099413    0.00004213    1.00000000    1.00000000    1.00000000
 225    0.00100746    0.00004269    1.00000000    1.00000000    1.00000000
 226    0.00102095    0.00004326    1.00000000    1.00000000    1.00000000
 227    0.00103461    0.00004384    1.00000000    1.00000000    1.00000000
 228    0.00104845    0.00004443    1.00000000    1.00000000    1.00000000
 229    0.00106246    0.00004502    1.00000000    1.00000000    1.00000000
 230    0.00107664    0.00004562    1.00000000    1.00000000    1.00000000
 231    0.00109100    0.00004623    1.00000000    1.00000000    1.00000000
 232    0.00110555    0.00004685    1.00000000    1.00000000    1.00000000
 233    0.00112028    0.00004747    1.00000000    1.00000000    1.00000000
 234    0.00113519    0.00004811    1.00000000    1.00000000    1.00000000
 235    0.00115029    0.00004875    1.00000000    1.00000000    1.00000000
 236    0.00116558    0.00004939    1.00000000    1.00000000    1.00000000
 237    0.00118106    0.00005005    1.00000000    1.00000000    1.00000000
 238    0.00119673    0.00005071    1.00000000    1.00000000    1.00000000
 239    0.00121261    0.00005139    1.00000000    1.00000000    1.00000000
 240    0.00122868    0.00005207    1.00000000    1.00000000    1.00000000
 241    0.00124496    0.00005276    1.00000000    1.00000000    1.00000000
 242    0.00126144    0.00005346    1.00000000    1.00000000    1.00000000
 243    0.00127812    0.00005416    1.00000000    1.00000000    1.00000000
 244    0.00129502    0.00005488    1.00000000    1.00000000    1.00000000
 245    0.00131213    0.00005560    1.00000000    1.00000000    1.00000000
 246    0.00132946    0.00005634    1.00000000    1.00000000    1.00000000
 247    0.00134700    0.00005708    1.00000000    1.00000000    1.00000000
 248    0.00136476    0.00005783    1.00000000    1.00000000    1.00000000
 249    0.00138275    0.00005860    1.00000000    1.00000000    1.00000000
 250    0.00140096    0.00005937    1.00000000    1.00000000    1.00000000
 251    0.00141940    0.00006015    1.00000000    1.00000000    1.00000000
 252    0.00143808    0.00006094    1.00000000    1.00000000    1.00000000
 253    0.00145699    0.00006174    1.00000000    1.00000000    1.00000000
 254    0.00147614    0.00006256    1.00000000    1.00000000    1.00000000
 255    0.00149552    0.00006338    1.00000000    1.00000000    1.00000000
 256    0.00151516    0.00006421    1.00000000    1.00000000    1.00000000
 257    0.00153503    0.00006505    1.00000000    1.00000000    1.00000000
 258    0.00155516    0.00006590    1.00000000    1.00000000    1.00000000
 259    0.00157555    0.00006677    1.00000000    1.00000000    1.00000000
 260    0.00159618    0.00006764    1.00000000    1.00000000    1.00000000
 261    0.00161708    0.00006853    1.00000000    1.00000000    1.00000000
 262    0.00163824    0.00006943    1.00000000    1.00000000    1.00000000
 263    0.00165967    0.00007033    1.00000000    1.00000000    1.00000000
 264    0.00168137    0.00007125    1.00000000    1.00000000    1.00000000
 265    0.00170334    0.00007218    1.00000000    1.00000000    1.00000000
 266    0.00172558    0.00007313    1.00000000    1.00000000    1.00000000
 267    0.00174811    0.00007408    1.00000000    1.00000000    1.00000000
 268    0.00177092    0.00007505    1.00000000    1.00000000    1.00000000
 269    0.00179401    0.00007603    1.00000000    1.00000000    1.00000000
 270    0.00181740    0.00007702    1.00000000    1.00000000    1.00000000
 271    0.00184108    0.00007802    1.00000000    1.00000000    1.00000000
 272    0.00186506    0.00007904    1.00000000    1.00000000    1.00000000
 273    0.00188934    0.00008007    1.00000000    1.00000000    1.00000000
 274    0.00191392    0.00008111    1.00000000    1.00000000    1.00000000
 275    0.00193882    0.00008217    1.00000000    1.00000000    1.00000000
 276    0.00196403    0.00008323    1.00000000    1.00000000    1.00000000
 277    0.00198955    0.00008432    1.00000000    1.00000000    1.00000000
 278    0.00201540    0.00008541    1.00000000    1.00000000    1.00000000
 279    0.00204157    0.00008652    1.00000000    1.00000000    1.00000000
 280    0.00206807    0.00008765    1.00000000    1.00000000    1.00000000
 281    0.00209490    0.00008878    1.00000000    1.00000000    1.00000000
 282    0.00212207    0.00008993    1.00000000    1.00000000    1.00000000
 283    0.00214959    0.00009110    1.00000000    1.00000000    1.00000000
 284    0.00217744    0.00009228    1.00000000    1.00000000    1.00000000
 285    0.00220565    0.00009348    1.00000000    1.00000000    1.00000000
 286    0.00223422    0.00009469    1.00000000    1.00000000    1.00000000
 287    0.00226314    0.00009592    1.00000000    1.00000000    1.00000000
 288    0.00229243    0.00009716    1.00000000    1.00000000    1.00000000
 289    0.00232208    0.00009841    1.00000000    1.00000000    1.00000000
 290    0.00235211    0.00009969    1.00000000    1.00000000    1.00000000
 291    0.00238252    0.00010098    1.00000000    1.00000000    1.00000000
 292    0.00241331    0.00010228    1.00000000    1.00000000    1.00000000
 293    0.00244448    0.00010360    1.00000000    1.00000000    1.00000000
 294    0.00247605    0.00010494    1.00000000    1.00000000    1.00000000
 295    0.00250802    0.00010630    1.00000000    1.00000000    1.00000000
 296    0.00254039    0.00010767    1.00000000    1.00000000    1.00000000
 297    0.00257316    0.00010906    1.00000000    1.00000000    1.00000000
 298    0.00260635    0.00011047    1.00000000    1.00000000    1.00000000
 299    0.00263995    0.00011189    1.00000000    1.00000000    1.00000000
 300    0.00267398    0.00011333    1.00000000    1.00000000    1.00000000
 301    0.00270843    0.00011479    1.00000000    1.00000000    1.00000000
 302    0.00274332    0.00011627    1.00000000    1.00000000    1.00000000
 303    0.00277865    0.00011777    1.00000000    1.00000000    1.00000000
 304    0.00281442    0.00011929    1.00000000    1.00000000    1.00000000
 305    0.00285064    0.00012082    1.00000000    1.00000000    1.00000000
 306    0.00288732    0.00012238    1.00000000    1.00000000    1.00000000
 307    0.00292446    0.00012396    1.00000000    1.00000000    1.00000000
 308    0.00296206    0.00012555    1.00000000    1.00000000    1.00000000
 309    0.00300014    0.00012716    1.00000000    1.00000000    1.00000000
 310    0.00303870    0.00012880    1.00000000    1.00000000    1.00000000
 311    0.00307774    0.00013046    1.00000000    1.00000000    1.00000000
 312    0.00311728    0.00013213    1.00000000    1.00000000    1.00000000
 313    0.00315731    0.00013383    1.00000000    1.00000000    1.00000000
 314    0.00319784    0.00013555    1.00000000    1.00000000    1.00000000
 315    0.00323889    0.00013729    1.00000000    1.00000000    1.00000000
 316    0.00328045    0.00013905    1.00000000    1.00000000    1.00000000
 317    0.00332253    0.00014084    1.00000000    1.00000000    1.00000000
 318    0.00336514    0.00014265    1.00000000    1.00000000    1.00000000
 319    0.00340829    0.00014448    1.00000000    1.00000000    1.00000000
 320    0.00345198    0.00014633    1.00000000    1.00000000    1.00000000
 321    0.00349622    0.00014821    1.00000000    1.00000000    1.00000000
 322    0.00354102    0.00015011    1.00000000    1.00000000    1.00000000
 323    0.00358638    0.00015203    1.00000000    1.00000000    1.00000000
 324    0.00363231    0.00015398    1.00000000    1.00000000    1.00000000
 325    0.00367882    0.00015595    1.00000000    1.00000000    1.00000000
 326    0.00372592    0.00015795    1.00000000    1.00000000    1.00000000
 327    0.00377361    0.00015997    1.00000000    1.00000000    1.00000000
 328    0.00382189    0.00016202    1.00000000    1.00000000    1.00000000
 329    0.00387079    0.00016410    1.00000000    1.00000000    1.00000000
 330    0.00392029    0.00016620    1.00000000    1.00000000    1.00000000
 331    0.00397043    0.00016833    1.00000000    1.00000000    1.00000000
 332    0.00402119    0.00017048    1.00000000    1.00000000    1.00000000
 333    0.00407259    0.00017266    1.00000000    1.00000000    1.00000000
 334    0.00412464    0.00017487    1.00000000    1.00000000    1.00000000
 335    0.00417734    0.00017711    1.00000000    1.00000000    1.00000000
 336    0.00423070    0.00017937    1.00000000    1.00000000    1.00000000
 337    0.00428474    0.00018167    1.00000000    1.00000000    1.00000000
 338    0.00433946    0.00018399    1.00000000    1.00000000    1.00000000
 339    0.00439486    0.00018634    1.00000000    1.00000000    1.00000000
 340    0.00445096    0.00018872    1.00000000    1.00000000    1.00000000
 341    0.00450777    0.00019113    1.00000000    1.00000000    1.00000000
 342    0.00456529    0.00019357    1.00000000    1.00000000    1.00000000
 343    0.00462353    0.00019605    1.00000000    1.00000000    1.00000000
 344    0.00468251    0.00019855    1.00000000    1.00000000    1.00000000
 345    0.00474223    0.00020109    1.00000000    1.00000000    1.00000000
 346    0.00480270    0.00020365    1.00000000    1.00000000    1.00000000
 347    0.00486393    0.00020625    1.00000000    1.00000000    1.00000000
 348    0.00492593    0.00020889    1.00000000    1.00000000    1.00000000
 349    0.00498871    0.00021155    1.00000000    1.00000000    1.00000000
 350    0.00505229    0.00021425    1.00000000    1.00000000    1.00000000
 351    0.00511666    0.00021699    1.00000000    1.00000000    1.00000000
 352    0.00518184    0.00021976    1.00000000    1.00000000    1.00000000
 353    0.00524784    0.00022256    1.00000000    1.00000000    1.00000000
 354    0.00531467    0.00022540    1.00000000    1.00000000    1.00000000
 355    0.00538234    0.00022827    1.00000000    1.00000000    1.00000000
 356    0.00545086    0.00023118    1.00000000    1.00000000    1.00000000
 357    0.00552024    0.00023413    1.00000000    1.00000000    1.00000000
 358    0.00559050    0.00023712    1.00000000    1.00000000    1.00000000
 359    0.00566164    0.00024014    1.00000000    1.00000000    1.00000000
 360    0.00573367    0.00024320    1.00000000    1.00000000    1.00000000
 361    0.00580662    0.00024630    1.00000000    1.00000000    1.00000000
 362    0.00588047    0.00024944    1.00000000    1.00000000    1.00000000
 363    0.00595526    0.00025262    1.00000000    1.00000000    1.00000000
 364    0.00603099    0.00025584    1.00000000    1.00000000    1.00000000
 365    0.00610767    0.00025910    1.00000000    1.00000000    1.00000000
 366    0.00618532    0.00026240    1.00000000    1.00000000    1.00000000
 367    0.00626394    0.00026575    1.00000000    1.00000000    1.00000000
 368    0.00634355    0.00026913    1.00000000    1.00000000    1.00000000
 369    0.00642416    0.00027256    1.00000000    1.00000000    1.00000000
 370    0.00650579    0.00027603    1.00000000    1.00000000    1.00000000
 371    0.00658844    0.00027955    1.00000000    1.00000000    1.00000000
 372    0.00667214    0.00028311    1.00000000    1.00000000    1.00000000
 373    0.00675688    0.00028671    1.00000000    1.00000000    1.00000000
 374    0.00684269    0.00029036    1.00000000    1.00000000    1.00000000
 375    0.00692958    0.00029406    1.00000000    1.00000000    1.00000000
 376    0.00701757    0.00029781    1.00000000    1.00000000    1.00000000
 377    0.00710666    0.00030160    1.00000000    1.00000000    1.00000000
 378    0.00719687    0.00030544    1.00000000    1.00000000    1.00000000
 379    0.00728822    0.00030933    1.00000000    1.00000000    1.00000000
 380    0.00738071    0.00031327    1.00000000    1.00000000    1.00000000
 381    0.00747437    0.00031726    1.00000000    1.00000000    1.00000000
 382    0.00756921    0.00032129    1.00000000    1.00000000    1.00000000
 383    0.00766524    0.00032538    1.00000000    1.00000000    1.00000000
 384    0.00776247    0.00032953    1.00000000    1.00000000    1.00000000
 385    0.00786093    0.00033372    1.00000000    1.00000000    1.00000000
 386    0.00796063    0.00033797    1.00000000    1.00000000    1.00000000
 387    0.00806158    0.00034227    1.00000000    1.00000000    1.00000000
 388    0.00816381    0.00034663    1.00000000    1.00000000    1.00000000
 389    0.00826732    0.00035104    1.00000000    1.00000000    1.00000000
 390    0.00837213    0.00035551    1.00000000    1.00000000    1.00000000
 391    0.00847826    0.00036004    1.00000000    1.00000000    1.00000000
 392    0.00858572    0.00036462    1.00000000    1.00000000    1.00000000
 393    0.00869454    0.00036926    1.00000000    1.00000000    1.00000000
 394    0.00880472    0.00037396    1.00000000    1.00000000    1.00000000
 395    0.00891629    0.00037873    1.00000000    1.00000000    1.00000000
 396    0.00902926    0.00038355    1.00000000    1.00000000    1.00000000
 397    0.00914366    0.00038843    1.00000000    1.00000000    1.00000000
 398    0.00925949    0.00039338    1.00000000    1.00000000    1.00000000
 399    0.00937678    0.00039839    1.00000000    1.00000000    1.00000000
 400    0.00949555    0.00040346    1.00000000    1.00000000    1.00000000
 401    0.00961581    0.00040860    1.00000000    1.00000000    1.00000000
 402    0.00973758    0.00041380    1.00000000    1.00000000    1.00000000
 403    0.00986088    0.00041907    1.00000000    1.00000000    1.00000000
 404    0.00998574    0.00042441    1.00000000    1.00000000    1.00000000
 405    0.01011217    0.00042981    1.00000000    1.00000000    1.00000000
 406    0.01024018    0.00043529    1.00000000    1.00000000    1.00000000
 407    0.01036981    0.00044083    1.00000000    1.00000000    1.00000000
 408    0.01050106    0.00044645    1.00000000    1.00000000    1.00000000
 409    0.01063397    0.00045214    1.00000000    1.00000000    1.00000000
 410    0.01076855    0.00045790    1.00000000    1.00000000    1.00000000
 411    0.01090482    0.00046374    1.00000000    1.00000000    1.00000000
 412    0.01104281    0.00046965    1.00000000    1.00000000    1.00000000
 413    0.01118253    0.00047563    1.00000000    1.00000000    1.00000000
 414    0.01132401    0.00048170    1.00000000    1.00000000    1.00000000
 415    0.01146727    0.00048784    1.00000000    1.00000000    1.00000000
 416    0.01161233    0.00049406    1.00000000    1.00000000    1.00000000
 417    0.01175922    0.00050036    1.00000000    1.00000000    1.00000000
 418    0.01190795    0.00050674    1.00000000    1.00000000    1.00000000
 419    0.01205855    0.00051320    1.00000000    1.00000000    1.00000000
 420    0.01221105    0.00051975    1.00000000    1.00000000    1.00000000
 421    0.01236547    0.00052638    1.00000000    1.00000000    1.00000000
 422    0.01252183    0.00053310    1.00000000    1.00000000    1.00000000
 423    0.01268015    0.00053991    1.00000000    1.00000000    1.00000000
 424    0.01284047    0.00054680    1.00000000    1.00000000    1.00000000
 425    0.01300280    0.00055378    1.00000000    1.00000000    1.00000000
 426    0.01316718    0.00056085    1.00000000    1.00000000    1.00000000
 427    0.01333362    0.00056802    1.00000000    1.00000000    1.00000000
 428    0.01350216    0.00057527    1.00000000    1.00000000    1.00000000
 429    0.01367282    0.00058263    1.00000000    1.00000000    1.00000000
 430    0.01384562    0.00059007    1.00000000    1.00000000    1.00000000
 431    0.01402060    0.00059762    1.00000000    1.00000000    1.00000000
 432    0.01419777    0.00060526    1.00000000    1.00000000    1.00000000
 433    0.01437718    0.00061300    1.00000000    1.00000000    1.00000000
 434    0.01455884    0.00062084    1.00000000    1.00000000    1.00000000
 435    0.01474279    0.00062879    1.00000000    1.00000000    1.00000000
 436    0.01492905    0.00063684    1.00000000    1.00000000    1.00000000
 437    0.01511766    0.00064499    1.00000000    1.00000000    1.00000000
 438    0.01530864    0.00065325    1.00000000    1.00000000    1.00000000
 439    0.01550202    0.00066162    1.00000000    1.00000000    1.00000000
 440    0.01569783    0.00067010    1.00000000    1.00000000    1.00000000
 441    0.01589610    0.00067869    1.00000000    1.00000000    1.00000000
 442    0.01609687    0.00068739    1.00000000    1.00000000    1.00000000
 443    0.01630017    0.00069621    1.00000000    1.00000000    1.00000000
 444    0.01650602    0.00070514    1.00000000    1.00000000    1.00000000
 445    0.01671446    0.00071419    1.00000000    1.00000000    1.00000000
 446    0.01692552    0.00072337    1.00000000    1.00000000    1.00000000
 447    0.01713924    0.00073266    1.00000000    1.00000000    1.00000000
 448    0.01735564    0.00074207    1.00000000    1.00000000    1.00000000
 449    0.01757477    0.00075161    1.00000000    1.00000000    1.00000000
 450    0.01779665    0.00076128    1.00000000    1.00000000    1.00000000
 451    0.01802133    0.00077107    1.00000000    1.00000000    1.00000000
 452    0.01824883    0.00078100    1.00000000    1.00000000    1.00000000
 453    0.01847919    0.00079105    1.00000000    1.00000000    1.00000000
 454    0.01871245    0.00080125    1.00000000    1.00000000    1.00000000
 455    0.01894865    0.00081157    1.00000000    1.00000000    1.00000000
 456    0.01918781    0.00082204    1.00000000    1.00000000    1.00000000
 457    0.01942999    0.00083264    1.00000000    1.00000000    1.00000000
 458    0.01967521    0.00084339    1.00000000    1.00000000    1.00000000
 459    0.01992351    0.00085428    1.00000000    1.00000000    1.00000000
 460    0.02017494    0.00086532    0.99999999    1.00000000    1.00000000
 461    0.02042953    0.00087651    0.99999999    1.00000000    1.00000000
 462    0.02068732    0.00088785    0.99999999    1.00000000    1.00000000
 463    0.02094835    0.00089934    0.99999999    1.00000000    1.00000000
 464    0.02121267    0.00091099    0.99999999    1.00000000    1.00000000
 465    0.02148032    0.00092279    0.99999999    1.00000000    1.00000000
 466    0.02175133    0.00093476    0.99999999    1.00000000    1.00000000
 467    0.02202574    0.00094688    0.99999999    1.00000000    1.00000000
 468    0.02230361    0.00095918    0.99999999    1.00000000    1.00000000
 469    0.02258498    0.00097164    0.99999999    1.00000000    1.00000000
 470    0.02286988    0.00098427    0.99999999    1.00000000    1.00000000
 471    0.02315837    0.00099708    0.99999999    1.00000000    1.00000000
 472    0.02345049    0.00101006    0.99999999    1.00000000    1.00000000
 473    0.02374628    0.00102322    0.99999999    1.00000000    1.00000000
 474    0.02404579    0.00103656    0.99999999    1.00000000    1.00000000
 475    0.02434907    0.00105009    0.99999999    1.00000000    1.00000000
 476    0.02465617    0.00106380    0.99999999    1.00000000    1.00000000
 477    0.02496712    0.00107770    0.99999999    1.00000000    1.00000000
 478    0.02528199    0.00109180    0.99999999    1.00000000    1.00000000
 479    0.02560082    0.00110610    0.99999999    1.00000000    1.00000000
 480    0.02592366    0.00112059    0.99999999    1.00000000    1.00000000
 481    0.02625056    0.00113529    0.99999999    1.00000000    1.00000000
 482    0.02658157    0.00115019    0.99999999    1.00000000    1.00000000
 483    0.02691675    0.00116531    0.99999999    1.00000000    1.00000000
 484    0.02725614    0.00118063    0.99999999    1.00000000    1.00000000
 485    0.02759980    0.00119618    0.99999999    1.00000000    1.00000000
 486    0.02794778    0.00121194    0.99999999    1.00000000    1.00000000
 487    0.02830014    0.00122793    0.99999999    1.00000000    1.00000000
 488    0.02865693    0.00124415    0.99999999    1.00000000    1.00000000
 489    0.02901821    0.00126060    0.99999998    1.00000000    1.00000000
 490    0.02938404    0.00127729    0.99999998    1.00000000    1.00000000
 491    0.02975447    0.00129422    0.99999998    1.00000000    1.00000000
 492    0.03012955    0.00131139    0.99999998    1.00000000    1.00000000
 493    0.03050936    0.00132881    0.99999998    1.00000000    1.00000000
 494    0.03089394    0.00134648    0.99999998    1.00000000    1.00000000
 495    0.03128335    0.00136441    0.99999998    1.00000000    1.00000000
 496    0.03167767    0.00138260    0.99999998    1.00000000    1.00000000
 497    0.03207695    0.00140106    0.99999998    1.00000000    1.00000000
 498    0.03248125    0.00141979    0.99999998    1.00000000    1.00000000
 499    0.03289063    0.00143880    0.99999998    1.00000000    1.00000000
 500    0.03330516    0.00145809    0.99999998    1.00000000    1.00000000
 501    0.03372491    0.00147767    0.99999998    1.00000000    1.00000000
 502    0.03414994    0.00149753    0.99999997    1.00000000    1.00000000
 503    0.03458031    0.00151770    0.99999997    1.00000000    1.00000000
 504    0.03501610    0.00153817    0.99999997    1.00000000    1.00000000
 505    0.03545737    0.00155895    0.99999997    1.00000000    1.00000000
 506    0.03590419    0.00158004    0.99999997    1.00000000    1.00000000
 507    0.03635663    0.00160145    0.99999997    1.00000000    1.00000000
 508    0.03681476    0.00162319    0.99999997    1.00000000    1.00000000
 509    0.03727865    0.00164526    0.99999997    1.00000000    1.00000000
 510    0.03774838    0.00166767    0.99999997    1.00000000    1.00000000
 511    0.03822402    0.00169043    0.99999996    1.00000000    1.00000000
 512    0.03870564    0.00171354    0.99999996    1.00000000    1.00000000
 513    0.03919331    0.00173701    0.99999996    1.00000000    1.00000000
 514    0.03968713    0.00176085    0.99999996    1.00000000    1.00000000
 515    0.04018715    0.00178506    0.99999996    1.00000000    1.00000000
 516    0.04069346    0.00180965    0.99999996    1.00000000    1.00000000
 517    0.04120614    0.00183464    0.99999995    1.00000000    1.00000000
 518    0.04172527    0.00186002    0.99999995    1.00000000    1.00000000
 519    0.04225093    0.00188580    0.99999995    1.00000000    1.00000000
 520    0.04278320    0.00191200    0.99999995    1.00000000    1.00000000
 521    0.04332217    0.00193862    0.99999995    1.00000000    1.00000000
 522    0.04386792    0.00196568    0.99999994    1.00000000    1.00000000
 523    0.04442053    0.00199317    0.99999994    1.00000000    1.00000000
 524    0.04498009    0.00202112    0.99999994    1.00000000    1.00000000
 525    0.04554669    0.00204952    0.99999994    1.00000000    1.00000000
 526    0.04612042    0.00207840    0.99999994    1.00000000    1.00000000
 527    0.04670136    0.00210775    0.99999993    1.00000000    1.00000000
 528    0.04728961    0.00213760    0.99999993    1.00000000    1.00000000
 529    0.04788526    0.00216794    0.99999993    1.00000000    1.00000000
 530    0.04848841    0.00219880    0.99999992    1.00000000    1.00000000
 531    0.04909914    0.00223018    0.99999992    1.00000000    1.00000000
 532    0.04971755    0.00226209    0.99999992    1.00000000    1.00000000
 533    0.05034374    0.00229456    0.99999991    1.00000000    1.00000000
 534    0.05097781    0.00232758    0.99999991    1.00000000    1.00000000
 535    0.05161985    0.00236117    0.99999991    1.00000000    1.00000000
 536    0.05226997    0.00239535    0.99999990    1.00000000    1.00000000
 537    0.05292826    0.00243013    0.99999990    1.00000000    1.00000000
 538    0.05359484    0.00246552    0.99999990    1.00000000    1.00000000
 539    0.05426980    0.00250154    0.99999989    1.00000000    1.00000000
 540    0.05495325    0.00253820    0.99999989    1.00000000    1.00000000
 541    0.05564530    0.00257552    0.99999988    1.00000000    1.00000000
 542    0.05634605    0.00261351    0.99999988    1.00000000    1.00000000
 543    0.05705562    0.00265219    0.99999987    1.00000000    1.00000000
 544    0.05777411    0.00269157    0.99999987    1.00000000    1.00000000
 545    0.05850164    0.00273168    0.99999986    1.00000000    1.00000000
 546    0.05923832    0.00277253    0.99999986    1.00000000    1.00000000
 547    0.05998426    0.00281413    0.99999985    1.00000000    1.00000000
 548    0.06073959    0.00285652    0.99999984    1.00000000    1.00000000
 549    0.06150442    0.00289970    0.99999984    1.00000000    1.00000000
 550    0.06227887    0.00294370    0.99999983    1.00000000    1.00000000
 551    0.06306307    0.00298854    0.99999982    1.00000000    1.00000000
 552    0.06385712    0.00303423    0.99999982    1.00000000    1.00000000
 553    0.06466117    0.00308081    0.99999981    1.00000000    1.00000000
 554    0.06547533    0.00312828    0.99999980    1.00000000    1.00000000
 555    0.06629972    0.00317669    0.99999979    1.00000000    1.00000000
 556    0.06713449    0.00322604    0.99999978    1.00000000    1.00000000
 557    0.06797976    0.00327638    0.99999977    1.00000000    1.00000000
 558    0.06883566    0.00332771    0.99999977    1.00000000    1.00000000
 559    0.06970233    0.00338007    0.99999976    1.00000000    1.00000000
 560    0.07057990    0.00343348    0.99999974    0.99999999    0.99999999
 561    0.07146850    0.00348798    0.99999973    0.99999999    0.99999999
 562    0.07236829    0.00354359    0.99999972    0.99999999    0.99999999
 563    0.07327939    0.00360034    0.99999971    0.99999999    0.99999999
 564    0.07420195    0.00365827    0.99999970    0.99999999    0.99999999
 565    0.07513611    0.00371740    0.99999969    0.99999999    0.99999999
 566    0.07608203    0.00377776    0.99999967    0.99999999    0.99999999
 567    0.07703985    0.00383940    0.99999966    0.99999999    0.99999999
 568    0.07800971    0.00390235    0.99999964    0.99999999    0.99999999
 569    0.07899177    0.00396664    0.99999963    0.99999999    0.99999999
 570    0.07998618    0.00403231    0.99999961    0.99999999    0.99999999
 571    0.08099311    0.00409940    0.99999959    0.99999999    0.99999999
 572    0.08201270    0.00416795    0.99999958    0.99999999    0.99999999
 573    0.08304511    0.00423800    0.99999956    0.99999999    0.99999999
 574    0.08409051    0.00430960    0.99999954    0.99999999    0.99999999
 575    0.08514906    0.00438279    0.99999952    0.99999999    0.99999999
 576    0.08622092    0.00445760    0.99999950    0.99999999    0.99999999
 577    0.08730627    0.00453410    0.99999947    0.99999999    0.99999999
 578    0.08840527    0.00461233    0.99999945    0.99999999    0.99999999
 579    0.08951809    0.00469234    0.99999943    0.99999999    0.99999999
 580    0.09064491    0.00477418    0.99999940    0.99999999    0.99999999
 581    0.09178590    0.00485791    0.99999937    0.99999999    0.99999999
 582    0.09294125    0.00494358    0.99999934    0.99999999    0.99999999
 583    0.09411112    0.00503124    0.99999931    0.99999999    0.99999999
 584    0.09529572    0.00512097    0.99999928    0.99999999    0.99999999
 585    0.09649521    0.00521281    0.99999925    0.99999998    0.99999998
 586    0.09770979    0.00530683    0.99999922    0.99999998    0.99999998
 587    0.09893965    0.00540311    0.99999918    0.99999998    0.99999998
 588    0.10018498    0.00550169    0.99999914    0.99999998    0.99999998
 589    0.10144597    0.00560267    0.99999910    0.99999998    0.99999998
 590    0.10272282    0.00570610    0.99999906    0.99999998    0.99999998
 591    0.10401574    0.00581206    0.99999902    0.99999998    0.99999998
 592    0.10532491    0.00592063    0.99999897    0.99999998    0.99999998
 593    0.10665056    0.00603189    0.99999892    0.99999998    0.99999998
 594    0.10799288    0.00614593    0.99999887    0.99999998    0.99999998
 595    0.10935208    0.00626282    0.99999882    0.99999998    0.99999998
 596    0.11072838    0.00638265    0.99999876    0.99999997    0.99999997
 597    0.11212199    0.00650552    0.99999870    0.99999997    0.99999997
 598    0.11353314    0.00663152    0.99999864    0.99999997    0.99999997
 599    0.11496203    0.00676075    0.99999857    0.99999997    0.99999997
 600    0.11640889    0.00689330    0.99999850    0.99999997    0.99999997
 601    0.11787396    0.00702929    0.99999843    0.99999997    0.99999997
 602    0.11935745    0.00716882    0.99999835    0.99999997    0.99999997
 603    0.12085960    0.00731199    0.99999827    0.99999996    0.99999996
 604    0.12238065    0.00745893    0.99999819    0.99999996    0.99999996
 605    0.12392083    0.00760976    0.99999810    0.99999996    0.99999996
 606    0.12548038    0.00776458    0.99999800    0.99999996    0.99999996
 607    0.12705955    0.00792355    0.99999790    0.99999996    0.99999996
 608    0.12865858    0.00808677    0.99999780    0.99999995    0.99999995
 609    0.13027773    0.00825440    0.99999769    0.99999995    0.99999995
 610    0.13191724    0.00842656    0.99999757    0.99999995    0.99999995
 611    0.13357738    0.00860340    0.99999745    0.99999995    0.99999995
 612    0.13525839    0.00878508    0.99999732    0.99999995    0.99999995
 613    0.13696055    0.00897175    0.99999718    0.99999994    0.99999994
 614    0.13868413    0.00916355    0.99999703    0.99999994    0.99999994
 615    0.14042938    0.00936067    0.99999688    0.99999994    0.99999994
 616    0.14219658    0.00956327    0.99999672    0.99999993    0.99999993
 617    0.14398602    0.00977153    0.99999654    0.99999993    0.99999993
 618    0.14579796    0.00998562    0.99999636    0.99999993    0.99999993
 619    0.14763269    0.01020574    0.99999617    0.99999992    0.99999992
 620    0.14949050    0.01043208    0.99999597    0.99999992    0.99999992
 621    0.15137168    0.01066483    0.99999575    0.99999992    0.99999992
 622    0.15327652    0.01090421    0.99999552    0.99999991    0.99999991
 623    0.15520533    0.01115043    0.99999528    0.99999991    0.99999991
 624    0.15715839    0.01140370    0.99999503    0.99999991    0.99999991
 625    0.15913602    0.01166426    0.99999476    0.99999990    0.99999990
 626    0.16113852    0.01193234    0.99999447    0.99999990    0.99999990
 627    0.16316622    0.01220819    0.99999416    0.99999989    0.99999989
 628    0.16521942    0.01249204    0.99999384    0.99999989    0.99999989
 629    0.16729844    0.01278417    0.99999350    0.99999988    0.99999988
 630    0.16940362    0.01308483    0.99999314    0.99999988    0.99999988
 631    0.17153527    0.01339430    0.99999275    0.99999987    0.99999987
 632    0.17369374    0.01371287    0.99999234    0.99999987    0.99999987
 633    0.17587936    0.01404083    0.99999191    0.99999986    0.99999986
 634    0.17809247    0.01437847    0.99999145    0.99999985    0.99999985
 635    0.18033342    0.01472612    0.99999096    0.99999985    0.99999985
 636    0.18260255    0.01508408    0.99999044    0.99999984    0.99999984
 637    0.18490023    0.01545270    0.99998989    0.99999983    0.99999983
 638    0.18722681    0.01583231    0.99998930    0.99999983    0.99999983
 639    0.18958266    0.01622327    0.99998868    0.99999982    0.99999982
 640    0.19196813    0.01662593    0.99998802    0.99999981    0.99999981
 641    0.19438361    0.01704067    0.99998731    0.99999981    0.99999981
 642    0.19682948    0.01746787    0.99998656    0.99999980    0.99999980
 643    0.19930611    0.01790794    0.99998576    0.99999979    0.99999979
 644    0.20181389    0.01836127    0.99998491    0.99999979    0.99999979
 645    0.20435322    0.01882830    0.99998400    0.99999978    0.99999978
 646    0.20692449    0.01930944    0.99998304    0.99999977    0.99999977
 647    0.20952810    0.01980515    0.99998201    0.99999977    0.99999977
 648    0.21216446    0.02031589    0.99998092    0.99999976    0.99999976
 649    0.21483398    0.02084212    0.99997975    0.99999975    0.99999975
 650    0.21753708    0.02138434    0.99997851    0.99999975    0.99999975
 651    0.22027418    0.02194303    0.99997718    0.99999974    0.99999974
 652    0.22304571    0.02251872    0.99997576    0.99999974    0.99999974
 653    0.22585210    0.02311193    0.99997426    0.99999974    0.99999974
 654    0.22869379    0.02372320    0.99997265    0.99999973    0.99999973
 655    0.23157122    0.02435308    0.99997093    0.99999973    0.99999973
 656    0.23448485    0.02500216    0.99996910    0.99999973    0.99999973
 657    0.23743512    0.02567102    0.99996714    0.99999974    0.99999974
 658    0.24042251    0.02636025    0.99996505    0.99999974    0.99999974
 659    0.24344748    0.02707048    0.99996282    0.99999975    0.99999975
 660    0.24651049    0.02780235    0.99996044    0.99999976    0.99999976
 661    0.24961203    0.02855650    0.99995789    0.99999977    0.99999977
 662    0.25275258    0.02933359    0.99995517    0.99999979    0.99999979
 663    0.25593264    0.03013432    0.99995227    0.99999981    0.99999981
 664    0.25915270    0.03095938    0.99994916    0.99999983    0.99999983
 665    0.26241326    0.03180949    0.99994584    0.99999986    0.99999986
 666    0.26571483    0.03268538    0.99994229    0.99999990    0.99999990
 667    0.26905793    0.03358781    0.99993850    0.99999994    0.99999994
 668    0.27244308    0.03451753    0.99993444    0.99999999    0.99999999
 669    0.27587082    0.03547534    0.99993010    1.00000005    1.00000005
 670    0.27934166    0.03646204    0.99992546    1.00000012    1.00000012
 671    0.28285617    0.03747844    0.99992049    1.00000020    1.00000020
 672    0.28641488    0.03852538    0.99991517    1.00000030    1.00000030
 673    0.29001836    0.03960371    0.99990949    1.00000041    1.00000041
 674    0.29366716    0.04071431    0.99990340    1.00000053    1.00000053
 675    0.29736186    0.04185805    0.99989689    1.00000068    1.00000068
 676    0.30110303    0.04303583    0.99988991    1.00000084    1.00000084
 677    0.30489126    0.04424858    0.99988245    1.00000103    1.00000103
 678    0.30872714    0.04549722    0.99987446    1.00000124    1.00000124
 679    0.31261127    0.04678271    0.99986591    1.00000149    1.00000149
 680    0.31654426    0.04810599    0.99985675    1.00000176    1.00000176
 681    0.32052672    0.04946806    0.99984694    1.00000208    1.00000208
 682    0.32455927    0.05086989    0.99983644    1.00000243    1.00000243
 683    0.32864254    0.05231249    0.99982520    1.00000283    1.00000283
 684    0.33277717    0.05379687    0.99981315    1.00000328    1.00000328
 685    0.33696382    0.05532405    0.99980026    1.00000379    1.00000379
 686    0.34120312    0.05689507    0.99978645    1.00000437    1.00000437
 687    0.34549575    0.05851096    0.99977166    1.00000501    1.00000501
 688    0.34984237    0.06017278    0.99975583    1.00000573    1.00000573
 689    0.35424367    0.06188157    0.99973887    1.00000655    1.00000655
 690    0.35870032    0.06363840    0.99972071    1.00000746    1.00000746
 691    0.36321304    0.06544433    0.99970126    1.00000848    1.00000848
 692    0.36778252    0.06730042    0.99968043    1.00000963    1.00000963
 693    0.37240947    0.06920773    0.99965813    1.00001091    1.00001091
 694    0.37709463    0.07116731    0.99963425    1.00001234    1.00001234
 695    0.38183871    0.07318024    0.99960869    1.00001395    1.00001395
 696    0.38664247    0.07524754    0.99958132    1.00001574    1.00001574
 697    0.39150666    0.07737025    0.99955202    1.00001773    1.00001773
 698    0.39643203    0.07954940    0.99952065    1.00001996    1.00001996
 699    0.40141935    0.08178600    0.99948708    1.00002245    1.00002245
 700    0.40646940    0.08408102    0.99945116    1.00002522    1.00002522
 701    0.41158298    0.08643545    0.99941272    1.00002830    1.00002830
 702    0.41676087    0.08885022    0.99937158    1.00003174    1.00003174
 703    0.42200390    0.09132624    0.99932758    1.00003556    1.00003556
 704    0.42731288    0.09386438    0.99928051    1.00003980    1.00003980
 705    0.43268863    0.09646549    0.99923017    1.00004453    1.00004453
 706    0.43813201    0.09913036    0.99917635    1.00004977    1.00004977
 707    0.44364385    0.10185974    0.99911880    1.00005559    1.00005559
 708    0.44922502    0.10465434    0.99905729    1.00006206    1.00006206
 709    0.45487640    0.10751478    0.99899156    1.00006923    1.00006923
 710    0.46059886    0.11044164    0.99892132    1.00007717    1.00007717
 711    0.46639330    0.11343543    0.99884629    1.00008598    1.00008598
 712    0.47226063    0.11649659    0.99876616    1.00009574    1.00009574
 713    0.47820175    0.11962545    0.99868061    1.00010654    1.00010654
 714    0.48421761    0.12282228    0.99858929    1.00011849    1.00011849
 715    0.49030914    0.12608724    0.99849184    1.00013171    1.00013171
 716    0.49647729    0.12942040    0.99838788    1.00014632    1.00014632
 717    0.50272303    0.13282169    0.99827701    1.00016246    1.00016246
 718    0.50904732    0.13629095    0.99815880    1.00018029    1.00018029
 719    0.51545117    0.13982787    0.99803281    1.00019997    1.00019997
 720    0.52193557    0.14343202    0.99789857    1.00022168    1.00022168
 721    0.52850153    0.14710282    0.99775560    1.00024562    1.00024562
 722    0.53515008    0.15083952    0.99760338    1.00027199    1.00027199
 723    0.54188226    0.15464121    0.99744138    1.00030104    1.00030104
 724    0.54869912    0.15850682    0.99726903    1.00033302    1.00033302
 725    0.55560173    0.16243508    0.99708577    1.00036820    1.00036820
 726    0.56259116    0.16642451    0.99689097    1.00040688    1.00040688
 727    0.56966850    0.17047346    0.99668400    1.00044938    1.00044938
 728    0.57683487    0.17458002    0.99646422    1.00049605    1.00049605
 729    0.58409138    0.17874207    0.99623093    1.00054726    1.00054726
 730    0.59143917    0.18295726    0.99598343    1.00060343    1.00060343
 731    0.59887938    0.18722296    0.99572100    1.00066498    1.00066498
 732    0.60641317    0.19153628    0.99544289    1.00073238    1.00073238
 733    0.61404173    0.19589408    0.99514831    1.00080615    1.00080615
 734    0.62176625    0.20029290    0.99483648    1.00088681    1.00088681
 735    0.62958792    0.20472899    0.99450659    1.00097494    1.00097494
 736    0.63750799    0.20919829    0.99415781    1.00107116    1.00107116
 737    0.64552767    0.21369641    0.99378929    1.00117612    1.00117612
 738    0.65364823    0.21821864    0.99340017    1.00129052    1.00129052
 739    0.66187093    0.22275991    0.99298959    1.00141510    1.00141510
 740    0.67019706    0.22731480    0.99255666    1.00155062    1.00155062
 741    0.67862793    0.23187753    0.99210052    1.00169792    1.00169792
 742    0.68716483    0.23644192    0.99162028    1.00185785    1.00185785
 743    0.69580912    0.24100145    0.99111506    1.00203131    1.00203131
 744    0.70456215    0.24554916    0.99058400    1.00221925    1.00221925
 745    0.71342527    0.25007774    0.99002623    1.00242263    1.00242263
 746    0.72239987    0.25457943    0.98944094    1.00264247    1.00264247
 747    0.73148737    0.25904611    0.98882731    1.00287981    1.00287981
 748    0.74068916    0.26346922    0.98818455    1.00313571    1.00313571
 749    0.75000671    0.26783980    0.98751194    1.00341125    1.00341125
 750    0.75944145    0.27214847    0.98680879    1.00370751    1.00370751
 751    0.76899487    0.27638544    0.98607444    1.00402559    1.00402559
 752    0.77866845    0.28054055    0.98530833    1.00436657    1.00436657
 753    0.78846372    0.28460319    0.98450996    1.00473151    1.00473151
 754    0.79838219    0.28856240    0.98367889    1.00512143    1.00512143
 755    0.80842542    0.29240683    0.98281480    1.00553731    1.00553731
 756    0.81859498    0.29612475    0.98191744    1.00598005    1.00598005
 757    0.82889246    0.29970412    0.98098671    1.00645047    1.00645047
 758    0.83931947    0.30313253    0.98002257    1.00694928    1.00694928
 759    0.84987763    0.30639728    0.97902517    1.00747705    1.00747705
 760    0.86056859    0.30948539    0.97799477    1.00803420    1.00803420
 761    0.87139403    0.31238362    0.97693177    1.00862094    1.00862094
 762    0.88235564    0.31507850    0.97583674    1.00923730    1.00923730
 763    0.89345513    0.31755639    0.97471044    1.00988303    1.00988303
 764    0.90469423    0.31980348    0.97355377    1.01055763    1.01055763
 765    0.91607470    0.32180584    0.97236784    1.01126025    1.01126025
 766    0.92759833    0.32354949    0.97115394    1.01198973    1.01198973
 767    0.93926690    0.32502040    0.96991357    1.01274451    1.01274451
 768    0.95108224    0.32620459    0.96864843    1.01352261    1.01352261
 769    0.96304620    0.32708812    0.96736043    1.01432160    1.01432160
 770    0.97516065    0.32765720    0.96605169    1.01513857    1.01513857
 771    0.98742748    0.32789822    0.96472453    1.01597012    1.01597012
 772    0.99984861    0.32779779    0.96338150    1.01681227    1.01681227
 773    1.01242598    0.32734283    0.96202536    1.01766051    1.01766051
 774    1.02516155    0.32652060    0.96065904    1.01850973    1.01850973
 775    1.03805732    0.32531879    0.95928571    1.01935425    1.01935425
 776    1.05111529    0.32372555    0.95790868    1.02018776    1.02018776
 777    1.06433752    0.32172957    0.95653148    1.02100337    1.02100337
 778    1.07772605    0.31932012    0.95515776    1.02179359    1.02179359
 779    1.09128300    0.31648713    0.95379134    1.02255035    1.02255035
 780    1.10501047    0.31322126    0.95243613    1.02326502    1.02326502
 781    1.11891061    0.30951392    0.95109618    1.02392848    1.02392848
 782    1.13298560    0.30535733    0.94977556    1.02453109    1.02453109
 783    1.14723762    0.30074462    0.94847843    1.02506282    1.02506282
 784    1.16166891    0.29566982    0.94720894    1.02551327    1.02551327
 785    1.17628173    0.29012798    0.94597121    1.02587175    1.02587175
 786    1.19107835    0.28411513    0.94476933    1.02612736    1.02612736
 787    1.20606110    0.27762842    0.94360726    1.02626910    1.02626910
 788    1.22123230    0.27066611    0.94248885    1.02628595    1.02628595
 789    1.23659433    0.26322759    0.94141777    1.02616699    1.02616699
 790    1.25214959    0.25531351    0.94039745    1.02590152    1.02590152
 791    1.26790051    0.24692570    0.93943107    1.02547921    1.02547921
 792    1.28384956    0.23806730    0.93852148    1.02489021    1.02489021
 793    1.29999922    0.22874272    0.93767118    1.02412533    1.02412533
 794    1.31635202    0.21895772    0.93688228    1.02317618    1.02317618
 795    1.33291051    0.20871938    0.93615641    1.02203537    1.02203537
 796    1.34967728    0.19803615    0.93549473    1.02069671    1.02069671
 797    1.36665495    0.18691781    0.93489784    1.01915538    1.01915538
 798    1.38384617    0.17537550    0.93436579    1.01740817    1.01740817
 799    1.40125364    0.16342167    0.93389798    1.01545368    1.01545368
 800    1.41888006    0.15107004    0.93349319    1.01329259    1.01329259
 801    1.43672819    0.13833555    0.93314949    1.01092789    1.01092789
 802    1.45480083    0.12523424    0.93286427    1.00836509    1.00836509
 803    1.47310079    0.11178318    0.93263418    1.00561245    1.00561245
 804    1.49163094    0.09800029    0.93245510    1.00268130    1.00268130
 805    1.51039417    0.08390412    0.93232218    0.99958580    0.99958580
 806    1.52939341    0.06951371    0.93222980    0.99634951    0.99634951
 807    1.54863163    0.05484647    0.93217156    0.99299922    0.99299922
 808    1.56811184    0.03991939    0.93214032    0.98955486    0.98955486
 809    1.58783707    0.02474993    0.93212817    0.98603484    0.98603484
 810    1.60781043    0.00935594    0.93212641    0.98245905    0.98245905
 811    1.62803501   -0.00624438    0.93212561    0.97884859    0.97884859
 812    1.64851399   -0.02203252    0.93211561    0.97522566    0.97522566
 813    1.66925057   -0.03798966    0.93208550    0.97161355    0.97161355
 814    1.69024797   -0.05409672    0.93202366    0.96803642    0.96803642
 815    1.71150950   -0.07033440    0.93191782    0.96451928    0.96451928
 816    1.73303846   -0.08668319    0.93175504    0.96108781    0.96108781
 817    1.75483822   -0.10312343    0.93152176    0.95776823    0.95776823
 818    1.77691219   -0.11963531    0.93120385    0.95458719    0.95458719
 819    1.79926381   -0.13619894    0.93078663    0.95157155    0.95157155
 820    1.82189658   -0.15279436    0.93025493    0.94874829    0.94874829
 821    1.84481404   -0.16940159    0.92959315    0.94614430    0.94614430
 822    1.86801977   -0.18600064    0.92878529    0.94378623    0.94378623
 823    1.89151738   -0.20257157    0.92781502    0.94170029    0.94170029
 824    1.91531056   -0.21909450    0.92666574    0.93991209    0.93991209
 825    1.93940302   -0.23554968    0.92532063    0.93844648    0.93844648
 826    1.96379853   -0.25191748    0.92376273    0.93732730    0.93732730
 827    1.98850090   -0.26817845    0.92197502    0.93657726    0.93657726
 828    2.01351398   -0.28431334    0.91994045    0.93621775    0.93621775
 829    2.03884169   -0.30030315    0.91764204    0.93626864    0.93626864
 830    2.06448798   -0.31612913    0.91506296    0.93674813    0.93674813
 831    2.09045686   -0.33177283    0.91218658    0.93767259    0.93767259
 832    2.11675239   -0.34721612    0.90899656    0.93905639    0.93905639
 833    2.14337868   -0.36244122    0.90547693    0.94091176    0.94091176
 834    2.17033989   -0.37743071    0.90161214    0.94324870    0.94324870
 835    2.19764022   -0.39216758    0.89738718    0.94607477    0.94607477
 836    2.22528395   -0.40663522    0.89278760    0.94939507    0.94939507
 837    2.25327540   -0.42081745    0.88779962    0.95321211    0.95321211
 838    2.28161894   -0.43469855    0.88241021    0.95752573    0.95752573
 839    2.31031899   -0.44826327    0.87660710    0.96233302    0.96233302
 840    2.33938005   -0.46149683    0.87037893    0.96762831    0.96762831
 841    2.36880665   -0.47438494    0.86371526    0.97340309    0.97340309
 842    2.39860339   -0.48691382    0.85660666    0.97964602    0.97964602
 843    2.42877492   -0.49907022    0.84904473    0.98634289    0.98634289
 844    2.45932597   -0.51084140    0.84102223    0.99347668    0.99347668
 845    2.49026130   -0.52221516    0.83253306    1.00102752    1.00102752
 846    2.52158576   -0.53317983    0.82357235    1.00897282    1.00897282
 847    2.55330422   -0.54372428    0.81413650    1.01728732    1.01728732
 848    2.58542165   -0.55383795    0.80422321    1.02594322    1.02594322
 849    2.61794308   -0.56351076    0.79383154    1.03491034    1.03491034
 850    2.65087357   -0.57273320    0.78296191    1.04415639    1.04415639
 851    2.68421827   -0.58149623    0.77161619    1.05364719    1.05364719
 852    2.71798240   -0.58979127    0.75979765    1.06334704    1.06334704
 853    2.75217123   -0.59761018    0.74751105    1.07321910    1.07321910
 854    2.78679011   -0.60494517    0.73476263    1.08322577    1.08322577
 855    2.82184443   -0.61178877    0.72156013    1.09332908    1.09332908
 856    2.85733968   -0.61813376    0.70791283    1.10349105    1.10349105
 857    2.89328141   -0.62397308    0.69383155    1.11367392    1.11367392
 858    2.92967523   -0.62929977    0.67932867    1.12384024    1.12384024
 859    2.96652683   -0.63410694    0.66441815    1.13395280    1.13395280
 860    3.00384197   -0.63838770    0.64911554    1.14397432    1.14397432
 861    3.04162647   -0.64213516    0.63343799    1.15386658    1.15386658
 862    3.07988624   -0.64534251    0.61740426    1.16359132    1.16359132
 863    3.11862726   -0.64800286    0.60103473    1.17310867    1.17310867
 864    3.15785558   -0.65010949    0.58435134    1.18237564    1.18237564
 865    3.19757734   -0.65165585    0.56737764    1.19134721    1.19134721
 866    3.23779873   -0.65263564    0.55013871    1.19997561    1.19997561
 867    3.27852604   -0.65304289    0.53266116    1.20821032    1.20821032
 868    3.31976564   -0.65287207    0.51497302    1.21599824    1.21599824
 869    3.36152398   -0.65211811    0.49710373    1.22328403    1.22328403
 870    3.40380756   -0.65077651    0.47908405    1.23001059    1.23001059
 871    3.44662301   -0.64884334    0.46094595    1.23611958    1.23611958
 872    3.48997701   -0.64631530    0.44272255    1.24155202    1.24155202
 873    3.53387634   -0.64318972    0.42444796    1.24624880    1.24624880
 874    3.57832785   -0.63946459    0.40615723    1.25015123    1.25015123
 875    3.62333850   -0.63513855    0.38788617    1.25320157    1.25320157
 876    3.66891531   -0.63021088    0.36967126    1.25534337    1.25534337
 877    3.71506540   -0.62468154    0.35154945    1.25652194    1.25652194
 878    3.76179599   -0.61855107    0.33355809    1.25668473    1.25668473
 879    3.80911438   -0.61182069    0.31573473    1.25578167    1.25578167
 880    3.85702796   -0.60449219    0.29811693    1.25376523    1.25376523
 881    3.90554422   -0.59656800    0.28074217    1.25059095    1.25059095
 882    3.95467074   -0.58805113    0.26364762    1.24621776    1.24621776
 883    4.00441519   -0.57894518    0.24686998    1.24060803    1.24060803
 884    4.05478536   -0.56925430    0.23044527    1.23372795    1.23372795
 885    4.10578910   -0.55898324    0.21440872    1.22554776    1.22554776
 886    4.15743439   -0.54813727    0.19879448    1.21604196    1.21604196
 887    4.20972930   -0.53672224    0.18363549    1.20518963    1.20518963
 888    4.26268199   -0.52474449    0.16896329    1.19297457    1.19297457
 889    4.31630075   -0.51221091    0.15480776    1.17938562    1.17938562
 890    4.37059395   -0.49912889    0.14119700    1.16441686    1.16441686
 891    4.42557008   -0.48550632    0.12815707    1.14806778    1.14806778
 892    4.48123772   -0.47135155    0.11571180    1.13034361    1.13034361
 893    4.53760557   -0.45667342    0.10388263    1.11125541    1.11125541
 894    4.59468244   -0.44148120    0.09268835    1.09082034    1.09082034
 895    4.65247725   -0.42578458    0.08214496    1.06906185    1.06906185
 896    4.71099903   -0.40959367    0.07226545    1.04600984    1.04600984
 897    4.77025692   -0.39291893    0.06305960    1.02170084    1.02170084
 898    4.83026019   -0.37577117    0.05453384    0.99617823    0.99617823
 899    4.89101820   -0.35816152    0.04669101    0.96949237    0.96949237
 900    4.95254046   -0.34010137    0.03953022    0.94170074    0.94170074
 901    5.01483657   -0.32160232    0.03304670    0.91286814    0.91286814
 902    5.07791627   -0.30267614    0.02723160    0.88306674    0.88306674
 903    5.14178941   -0.28333468    0.02207184    0.85237622    0.85237622
 904    5.20646598   -0.26358984    0.01755000    0.82088376    0.82088376
 905    5.27195608   -0.24345343    0.01364412    0.78868403    0.78868403
 906    5.33826995   -0.22293713    0.01032761    0.75587901    0.75587901
 907    5.40541794   -0.20205231    0.00756912    0.72257781    0.72257781
 908    5.47341055   -0.18081001    0.00533236    0.68889619    0.68889619
 909    5.54225840   -0.15922071    0.00357605    0.65495080    0.65495080
 910    5.61197225   -0.13729451    0.00225373    0.62054933    0.62054933
 911    5.68256299   -0.11505636    0.00131340    0.58203136    0.58203136
 912    5.75404165   -0.09270944    0.00069519    0.52665587    0.52665587
 913    5.82641941   -0.07098925    0.00032816    0.44035430    0.44035430
 914    5.89970756   -0.05110755    0.00013554    0.32666873    0.32666873
 915    5.97391757   -0.03426446    0.00004786    0.20914455    0.20914455
 916    6.04906102   -0.02117881    0.00001395    0.11363965    0.11363965
 917    6.12514966   -0.01189942    0.00000311    0.05192226    0.05192226
 918    6.20219538   -0.00589614    0.00000041    0.02010120    0.02010120
 919    6.28021022   -0.00228659    0.00000000    0.00729031    0.00729031
 920    6.35920636   -0.00000000    0.00000000    0.00103894    0.00103894
 921    6.43919615    0.00000000    0.00000000    0.00000000    0.00000000
 922    6.52019208    0.00000000    0.00000000    0.00000000    0.00000000
 923    6.60220682    0.00000000    0.00000000    0.00000000    0.00000000
